    0.100000E+11    0.000000E+00
    0.125893E+11    0.000000E+00
    0.158489E+11    0.000000E+00
    0.199526E+11    0.000000E+00
    0.251189E+11    0.000000E+00
    0.316228E+11    0.000000E+00
    0.398107E+11    0.000000E+00
    0.501187E+11    0.000000E+00
    0.630957E+11    0.000000E+00
    0.794328E+11    0.000000E+00
    0.100000E+12    0.000000E+00
    0.125893E+12    0.000000E+00
    0.158489E+12    0.000000E+00
    0.199526E+12    0.000000E+00
    0.251189E+12    0.000000E+00
    0.316228E+12    0.000000E+00
    0.398107E+12    0.000000E+00
    0.501187E+12    0.000000E+00
    0.630957E+12    0.000000E+00
    0.794328E+12    0.000000E+00
    0.100000E+13    0.000000E+00
    0.125893E+13    0.000000E+00
    0.158489E+13    0.000000E+00
    0.199526E+13    0.000000E+00
    0.251189E+13    0.000000E+00
    0.316228E+13    0.000000E+00
    0.398107E+13    0.000000E+00
    0.501187E+13    0.000000E+00
    0.630957E+13    0.000000E+00
    0.794328E+13    0.000000E+00
    0.100000E+14    0.000000E+00
    0.125893E+14    0.000000E+00
    0.158489E+14    0.000000E+00
    0.199526E+14    0.000000E+00
    0.251189E+14    0.000000E+00
    0.316228E+14    0.000000E+00
    0.398107E+14    0.000000E+00
    0.501187E+14    0.000000E+00
    0.630957E+14    0.000000E+00
    0.794328E+14    0.000000E+00
    0.100000E+15    0.000000E+00
    0.125893E+15    0.000000E+00
    0.158489E+15    0.000000E+00
    0.199526E+15    0.000000E+00
    0.251189E+15    0.000000E+00
    0.316228E+15    0.000000E+00
    0.398107E+15    0.000000E+00
    0.501187E+15    0.000000E+00
    0.630957E+15    0.000000E+00
    0.794328E+15    0.000000E+00
    0.100000E+16    0.000000E+00
    0.125893E+16    0.000000E+00
    0.158489E+16    0.000000E+00
    0.199526E+16    0.000000E+00
    0.251189E+16    0.000000E+00
    0.316228E+16    0.000000E+00
    0.398107E+16    0.000000E+00
    0.501187E+16    0.000000E+00
    0.630957E+16    0.000000E+00
    0.794328E+16    0.000000E+00
    0.100000E+17    0.000000E+00
    0.125893E+17    0.000000E+00
    0.158489E+17    0.000000E+00
    0.199526E+17    0.000000E+00
    0.251189E+17    0.000000E+00
    0.316228E+17    0.000000E+00
    0.398107E+17    0.000000E+00
    0.501187E+17    0.000000E+00
    0.630957E+17    0.000000E+00
    0.794328E+17    0.000000E+00
    0.100000E+18    0.000000E+00
    0.125893E+18    0.000000E+00
    0.158489E+18    0.000000E+00
    0.199526E+18    0.000000E+00
    0.251189E+18    0.000000E+00
    0.316228E+18    0.000000E+00
    0.398107E+18    0.000000E+00
    0.501187E+18    0.000000E+00
    0.630957E+18    0.000000E+00
    0.794328E+18    0.000000E+00
    0.100000E+19    0.000000E+00
    0.125893E+19    0.000000E+00
    0.158489E+19    0.000000E+00
    0.199526E+19    0.000000E+00
    0.251189E+19    0.000000E+00
    0.316228E+19    0.000000E+00
    0.398107E+19    0.000000E+00
    0.501187E+19    0.000000E+00
    0.630957E+19    0.000000E+00
    0.794328E+19    0.000000E+00
    0.100000E+20    0.000000E+00
    0.125893E+20    0.000000E+00
    0.158489E+20    0.000000E+00
    0.199526E+20    0.000000E+00
    0.251189E+20    0.000000E+00
    0.316228E+20    0.000000E+00
    0.398107E+20    0.000000E+00
    0.501187E+20    0.000000E+00
    0.630957E+20    0.000000E+00
    0.794328E+20    0.000000E+00
    0.100000E+11    0.000000E+00
    0.125893E+11    0.000000E+00
    0.158489E+11    0.000000E+00
    0.199526E+11    0.000000E+00
    0.251189E+11    0.000000E+00
    0.316228E+11    0.000000E+00
    0.398107E+11    0.000000E+00
    0.501187E+11    0.000000E+00
    0.630957E+11    0.000000E+00
    0.794328E+11    0.000000E+00
    0.100000E+12    0.000000E+00
    0.125893E+12    0.000000E+00
    0.158489E+12    0.000000E+00
    0.199526E+12    0.000000E+00
    0.251189E+12    0.000000E+00
    0.316228E+12    0.000000E+00
    0.398107E+12    0.000000E+00
    0.501187E+12    0.000000E+00
    0.630957E+12    0.000000E+00
    0.794328E+12    0.000000E+00
    0.100000E+13    0.000000E+00
    0.125893E+13    0.000000E+00
    0.158489E+13    0.000000E+00
    0.199526E+13    0.000000E+00
    0.251189E+13    0.000000E+00
    0.316228E+13    0.000000E+00
    0.398107E+13    0.000000E+00
    0.501187E+13    0.000000E+00
    0.630957E+13    0.000000E+00
    0.794328E+13    0.000000E+00
    0.100000E+14    0.000000E+00
    0.125893E+14    0.000000E+00
    0.158489E+14    0.000000E+00
    0.199526E+14    0.000000E+00
    0.251189E+14    0.000000E+00
    0.316228E+14    0.000000E+00
    0.398107E+14    0.000000E+00
    0.501187E+14    0.000000E+00
    0.630957E+14    0.000000E+00
    0.794328E+14    0.000000E+00
    0.100000E+15    0.000000E+00
    0.125893E+15    0.000000E+00
    0.158489E+15    0.000000E+00
    0.199526E+15    0.000000E+00
    0.251189E+15    0.000000E+00
    0.316228E+15    0.000000E+00
    0.398107E+15    0.000000E+00
    0.501187E+15    0.000000E+00
    0.630957E+15    0.000000E+00
    0.794328E+15    0.000000E+00
    0.100000E+16    0.000000E+00
    0.125893E+16    0.000000E+00
    0.158489E+16    0.000000E+00
    0.199526E+16    0.000000E+00
    0.251189E+16    0.000000E+00
    0.316228E+16    0.000000E+00
    0.398107E+16    0.000000E+00
    0.501187E+16    0.000000E+00
    0.630957E+16    0.000000E+00
    0.794328E+16    0.000000E+00
    0.100000E+17    0.000000E+00
    0.125893E+17    0.000000E+00
    0.158489E+17    0.000000E+00
    0.199526E+17    0.000000E+00
    0.251189E+17    0.000000E+00
    0.316228E+17    0.000000E+00
    0.398107E+17    0.000000E+00
    0.501187E+17    0.000000E+00
    0.630957E+17    0.000000E+00
    0.794328E+17    0.000000E+00
    0.100000E+18    0.000000E+00
    0.125893E+18    0.000000E+00
    0.158489E+18    0.000000E+00
    0.199526E+18    0.000000E+00
    0.251189E+18    0.000000E+00
    0.316228E+18    0.000000E+00
    0.398107E+18    0.000000E+00
    0.501187E+18    0.000000E+00
    0.630957E+18    0.000000E+00
    0.794328E+18    0.000000E+00
    0.100000E+19    0.000000E+00
    0.125893E+19    0.000000E+00
    0.158489E+19    0.000000E+00
    0.199526E+19    0.000000E+00
    0.251189E+19    0.000000E+00
    0.316228E+19    0.000000E+00
    0.398107E+19    0.000000E+00
    0.501187E+19    0.000000E+00
    0.630957E+19    0.000000E+00
    0.794328E+19    0.000000E+00
    0.100000E+20    0.000000E+00
    0.125893E+20    0.000000E+00
    0.158489E+20    0.000000E+00
    0.199526E+20    0.000000E+00
    0.251189E+20    0.000000E+00
    0.316228E+20    0.000000E+00
    0.398107E+20    0.000000E+00
    0.501187E+20    0.000000E+00
    0.630957E+20    0.000000E+00
    0.794328E+20    0.000000E+00
