    0.100000E+11    0.100000E+02    0.129000E+00
    0.125893E+11    0.101000E+02    0.182549E+00
    0.158489E+11    0.102000E+02    0.207865E+00
    0.199526E+11    0.103000E+02    0.180851E+00
    0.251189E+11    0.104000E+02    0.201299E+00
    0.316228E+11    0.105000E+02    0.224932E+00
    0.398107E+11    0.106000E+02    0.227273E+00
    0.501187E+11    0.107000E+02    0.212670E+00
    0.630957E+11    0.108000E+02    0.212644E+00
    0.794328E+11    0.109000E+02    0.189781E+00
    0.100000E+12    0.110000E+02    0.234234E+00
    0.125893E+12    0.111000E+02    0.188235E+00
    0.158489E+12    0.112000E+02    0.188406E+00
    0.199526E+12    0.113000E+02    0.285714E+00
    0.251189E+12    0.114000E+02    0.325000E+00
    0.316228E+12    0.115000E+02    0.222222E+00
    0.398107E+12    0.116000E+02    0.285714E+00
    0.501187E+12    0.117000E+02    0.266667E+00
    0.630957E+12    0.118000E+02    0.909091E-01
    0.794328E+12    0.119000E+02    0.400000E+00
    0.100000E+13    0.120000E+02    0.333333E+00
    0.125893E+13    0.121000E+02    0.250000E+00
    0.158489E+13    0.122000E+02    0.333333E+00
    0.199526E+13    0.123000E+02    0.000000E+00
    0.251189E+13    0.124000E+02    0.000000E+00
    0.316228E+13    0.125000E+02    0.000000E+00
    0.398107E+13    0.126000E+02    0.000000E+00
    0.501187E+13    0.127000E+02    0.000000E+00
    0.630957E+13    0.128000E+02    0.000000E+00
    0.794328E+13    0.129000E+02    0.000000E+00
    0.100000E+14    0.130000E+02    0.000000E+00
    0.125893E+14    0.131000E+02    0.000000E+00
    0.158489E+14    0.132000E+02    0.000000E+00
    0.199526E+14    0.133000E+02    0.000000E+00
    0.251189E+14    0.134000E+02    0.000000E+00
    0.316228E+14    0.135000E+02    0.100000E+01
