    0.100000E+11    0.100000E+02    0.134000E+00
    0.125893E+11    0.101000E+02    0.196305E+00
    0.158489E+11    0.102000E+02    0.209770E+00
    0.199526E+11    0.103000E+02    0.141818E+00
    0.251189E+11    0.104000E+02    0.211864E+00
    0.316228E+11    0.105000E+02    0.231183E+00
    0.398107E+11    0.106000E+02    0.279720E+00
    0.501187E+11    0.107000E+02    0.184466E+00
    0.630957E+11    0.108000E+02    0.226190E+00
    0.794328E+11    0.109000E+02    0.123077E+00
    0.100000E+12    0.110000E+02    0.245614E+00
    0.125893E+12    0.111000E+02    0.930233E-01
    0.158489E+12    0.112000E+02    0.179487E+00
    0.199526E+12    0.113000E+02    0.375000E+00
    0.251189E+12    0.114000E+02    0.250000E+00
    0.316228E+12    0.115000E+02    0.266667E+00
    0.398107E+12    0.116000E+02    0.363636E+00
    0.501187E+12    0.117000E+02    0.285714E+00
    0.630957E+12    0.118000E+02    0.200000E+00
    0.794328E+12    0.119000E+02    0.500000E+00
    0.100000E+13    0.120000E+02    0.100000E+01
