    0.100000E+11    0.100000E+02    0.160000E+00
    0.125893E+11    0.101000E+02    0.154762E+00
    0.158489E+11    0.102000E+02    0.197183E+00
    0.199526E+11    0.103000E+02    0.228070E+00
    0.251189E+11    0.104000E+02    0.204545E+00
    0.316228E+11    0.105000E+02    0.200000E+00
    0.398107E+11    0.106000E+02    0.321429E+00
    0.501187E+11    0.107000E+02    0.105263E+00
    0.630957E+11    0.108000E+02    0.176471E+00
    0.794328E+11    0.109000E+02    0.000000E+00
    0.100000E+12    0.110000E+02    0.214286E+00
    0.125893E+12    0.111000E+02    0.181818E+00
    0.158489E+12    0.112000E+02    0.222222E+00
    0.199526E+12    0.113000E+02    0.428571E+00
    0.251189E+12    0.114000E+02    0.000000E+00
    0.316228E+12    0.115000E+02    0.250000E+00
    0.398107E+12    0.116000E+02    0.666667E+00
    0.501187E+12    0.117000E+02    0.000000E+00
    0.630957E+12    0.118000E+02    0.100000E+01
    0.794328E+12    0.119000E+02             NaN
    0.100000E+13    0.120000E+02             NaN
    0.125893E+13    0.121000E+02             NaN
    0.158489E+13    0.122000E+02             NaN
    0.199526E+13    0.123000E+02             NaN
    0.251189E+13    0.124000E+02             NaN
    0.316228E+13    0.125000E+02             NaN
    0.398107E+13    0.126000E+02             NaN
    0.501187E+13    0.127000E+02             NaN
    0.630957E+13    0.128000E+02             NaN
    0.794328E+13    0.129000E+02             NaN
    0.100000E+14    0.130000E+02             NaN
    0.125893E+14    0.131000E+02             NaN
    0.158489E+14    0.132000E+02             NaN
    0.199526E+14    0.133000E+02             NaN
    0.251189E+14    0.134000E+02             NaN
    0.316228E+14    0.135000E+02             NaN
    0.398107E+14    0.136000E+02             NaN
    0.501187E+14    0.137000E+02             NaN
    0.630957E+14    0.138000E+02             NaN
    0.794328E+14    0.139000E+02             NaN
    0.100000E+15    0.140000E+02             NaN
    0.125893E+15    0.141000E+02             NaN
    0.158489E+15    0.142000E+02             NaN
    0.199526E+15    0.143000E+02             NaN
    0.251189E+15    0.144000E+02             NaN
    0.316228E+15    0.145000E+02             NaN
    0.398107E+15    0.146000E+02             NaN
    0.501187E+15    0.147000E+02             NaN
    0.630957E+15    0.148000E+02             NaN
    0.794328E+15    0.149000E+02             NaN
    0.100000E+16    0.150000E+02             NaN
    0.125893E+16    0.151000E+02             NaN
    0.158489E+16    0.152000E+02             NaN
    0.199526E+16    0.153000E+02             NaN
    0.251189E+16    0.154000E+02             NaN
    0.316228E+16    0.155000E+02             NaN
    0.398107E+16    0.156000E+02             NaN
    0.501187E+16    0.157000E+02             NaN
    0.630957E+16    0.158000E+02             NaN
    0.794328E+16    0.159000E+02             NaN
    0.100000E+17    0.160000E+02             NaN
    0.125893E+17    0.161000E+02             NaN
    0.158489E+17    0.162000E+02             NaN
    0.199526E+17    0.163000E+02             NaN
    0.251189E+17    0.164000E+02             NaN
    0.316228E+17    0.165000E+02             NaN
    0.398107E+17    0.166000E+02             NaN
    0.501187E+17    0.167000E+02             NaN
    0.630957E+17    0.168000E+02             NaN
    0.794328E+17    0.169000E+02             NaN
    0.100000E+18    0.170000E+02             NaN
    0.125893E+18    0.171000E+02             NaN
    0.158489E+18    0.172000E+02             NaN
    0.199526E+18    0.173000E+02             NaN
    0.251189E+18    0.174000E+02             NaN
    0.316228E+18    0.175000E+02             NaN
    0.398107E+18    0.176000E+02             NaN
    0.501187E+18    0.177000E+02             NaN
    0.630957E+18    0.178000E+02             NaN
    0.794328E+18    0.179000E+02             NaN
    0.100000E+19    0.180000E+02             NaN
    0.125893E+19    0.181000E+02             NaN
    0.158489E+19    0.182000E+02             NaN
    0.199526E+19    0.183000E+02             NaN
    0.251189E+19    0.184000E+02             NaN
    0.316228E+19    0.185000E+02             NaN
    0.398107E+19    0.186000E+02             NaN
    0.501187E+19    0.187000E+02             NaN
    0.630957E+19    0.188000E+02             NaN
    0.794328E+19    0.189000E+02             NaN
    0.100000E+20    0.190000E+02             NaN
    0.125893E+20    0.191000E+02             NaN
    0.158489E+20    0.192000E+02             NaN
    0.199526E+20    0.193000E+02             NaN
    0.251189E+20    0.194000E+02             NaN
    0.316228E+20    0.195000E+02             NaN
    0.398107E+20    0.196000E+02             NaN
    0.501187E+20    0.197000E+02             NaN
    0.630957E+20    0.198000E+02             NaN
    0.794328E+20    0.199000E+02             NaN
