    0.100000E+11    0.100000E+02    0.131700E+00
    0.125893E+11    0.101000E+02    0.202119E+00
    0.158489E+11    0.102000E+02    0.202367E+00
    0.199526E+11    0.103000E+02    0.197249E+00
    0.251189E+11    0.104000E+02    0.216186E+00
    0.316228E+11    0.105000E+02    0.209664E+00
    0.398107E+11    0.106000E+02    0.207060E+00
    0.501187E+11    0.107000E+02    0.197338E+00
    0.630957E+11    0.108000E+02    0.215552E+00
    0.794328E+11    0.109000E+02    0.211370E+00
    0.100000E+12    0.110000E+02    0.203327E+00
    0.125893E+12    0.111000E+02    0.184455E+00
    0.158489E+12    0.112000E+02    0.186344E+00
    0.199526E+12    0.113000E+02    0.202797E+00
    0.251189E+12    0.114000E+02    0.228070E+00
    0.316228E+12    0.115000E+02    0.215909E+00
    0.398107E+12    0.116000E+02    0.246377E+00
    0.501187E+12    0.117000E+02    0.240385E+00
    0.630957E+12    0.118000E+02    0.202532E+00
    0.794328E+12    0.119000E+02    0.206349E+00
    0.100000E+13    0.120000E+02    0.240000E+00
    0.125893E+13    0.121000E+02    0.131579E+00
    0.158489E+13    0.122000E+02    0.181818E+00
    0.199526E+13    0.123000E+02    0.166667E+00
    0.251189E+13    0.124000E+02    0.888889E-01
    0.316228E+13    0.125000E+02    0.268293E+00
    0.398107E+13    0.126000E+02    0.200000E+00
    0.501187E+13    0.127000E+02    0.333333E+00
    0.630957E+13    0.128000E+02    0.187500E+00
    0.794328E+13    0.129000E+02    0.307692E+00
    0.100000E+14    0.130000E+02    0.333333E+00
    0.125893E+14    0.131000E+02    0.000000E+00
    0.158489E+14    0.132000E+02    0.166667E+00
    0.199526E+14    0.133000E+02    0.400000E+00
    0.251189E+14    0.134000E+02    0.333333E+00
    0.316228E+14    0.135000E+02    0.100000E+01
