    0.100000E+11    0.100000E+02    0.936444E+00
    0.125893E+11    0.101000E+02    0.382340E-01
    0.158489E+11    0.102000E+02    0.626575E-01
    0.199526E+11    0.103000E+02    0.907044E-01
    0.251189E+11    0.104000E+02    0.130809E+00
    0.316228E+11    0.105000E+02    0.192231E+00
    0.398107E+11    0.106000E+02    0.305777E+00
    0.501187E+11    0.107000E+02    0.558557E+00
    0.630957E+11    0.108000E+02    0.753167E+00
    0.794328E+11    0.109000E+02    0.214312E+00
    0.100000E+12    0.110000E+02    0.248850E+00
    0.125893E+12    0.111000E+02    0.261482E+00
    0.158489E+12    0.112000E+02    0.298507E+00
    0.199526E+12    0.113000E+02    0.373522E+00
    0.251189E+12    0.114000E+02    0.492453E+00
    0.316228E+12    0.115000E+02    0.535316E+00
    0.398107E+12    0.116000E+02    0.416000E+00
    0.501187E+12    0.117000E+02    0.260274E+00
    0.630957E+12    0.118000E+02    0.277778E+00
    0.794328E+12    0.119000E+02    0.256410E+00
    0.100000E+13    0.120000E+02    0.379310E+00
    0.125893E+13    0.121000E+02    0.500000E+00
    0.158489E+13    0.122000E+02    0.444444E+00
    0.199526E+13    0.123000E+02    0.400000E+00
    0.251189E+13    0.124000E+02    0.333333E+00
    0.316228E+13    0.125000E+02    0.500000E+00
    0.398107E+13    0.126000E+02    0.100000E+01
