    0.100000E+11    0.671147E+10    0.100000E+02    0.982682E+01
    0.125893E+11    0.107193E+11    0.101000E+02    0.100302E+02
    0.158489E+11    0.107888E+11    0.102000E+02    0.100330E+02
    0.199526E+11    0.105761E+11    0.103000E+02    0.100243E+02
    0.251189E+11    0.117211E+11    0.104000E+02    0.100690E+02
    0.316228E+11    0.112628E+11    0.105000E+02    0.100516E+02
    0.398107E+11    0.109920E+11    0.106000E+02    0.100411E+02
    0.501187E+11    0.104811E+11    0.107000E+02    0.100204E+02
    0.630957E+11    0.114925E+11    0.108000E+02    0.100604E+02
    0.794328E+11    0.112460E+11    0.109000E+02    0.100510E+02
    0.100000E+12    0.106443E+11    0.110000E+02    0.100271E+02
    0.125893E+12    0.973142E+10    0.111000E+02    0.998818E+01
    0.158489E+12    0.102139E+11    0.112000E+02    0.100092E+02
    0.199526E+12    0.113203E+11    0.113000E+02    0.100539E+02
    0.251189E+12    0.126741E+11    0.114000E+02    0.101029E+02
    0.316228E+12    0.116392E+11    0.115000E+02    0.100659E+02
    0.398107E+12    0.132501E+11    0.116000E+02    0.101222E+02
    0.501187E+12    0.123250E+11    0.117000E+02    0.100908E+02
    0.630957E+12    0.100894E+11    0.118000E+02    0.100039E+02
    0.794328E+12    0.100654E+11    0.119000E+02    0.100028E+02
    0.100000E+13    0.115601E+11    0.120000E+02    0.100630E+02
    0.125893E+13    0.627678E+10    0.121000E+02    0.979774E+01
    0.158489E+13    0.938017E+10    0.122000E+02    0.997221E+01
    0.199526E+13    0.885136E+10    0.123000E+02    0.994701E+01
    0.251189E+13    0.498853E+10    0.124000E+02    0.969797E+01
    0.316228E+13    0.166707E+11    0.125000E+02    0.102220E+02
    0.398107E+13    0.118379E+11    0.126000E+02    0.100733E+02
    0.501187E+13    0.197976E+11    0.127000E+02    0.102966E+02
    0.630957E+13    0.955136E+10    0.128000E+02    0.998007E+01
    0.794328E+13    0.152151E+11    0.129000E+02    0.101823E+02
    0.100000E+14    0.142293E+11    0.130000E+02    0.101532E+02
    0.158489E+14    0.771842E+10    0.132000E+02    0.988753E+01
    0.199526E+14    0.198020E+11    0.133000E+02    0.102967E+02
    0.251189E+14    0.122599E+11    0.134000E+02    0.100885E+02
    0.316228E+14    0.297572E+11    0.135000E+02    0.104736E+02
