    0.100000E+11    0.812728E+10    0.100000E+02    0.990995E+01
    0.125893E+11    0.801153E+10    0.101000E+02    0.990372E+01
    0.158489E+11    0.107786E+11    0.102000E+02    0.100326E+02
    0.199526E+11    0.124110E+11    0.103000E+02    0.100938E+02
    0.251189E+11    0.108774E+11    0.104000E+02    0.100365E+02
    0.316228E+11    0.108669E+11    0.105000E+02    0.100361E+02
    0.398107E+11    0.173538E+11    0.106000E+02    0.102394E+02
    0.501187E+11    0.468276E+10    0.107000E+02    0.967050E+01
    0.630957E+11    0.916856E+10    0.108000E+02    0.996230E+01
    0.100000E+12    0.138231E+11    0.110000E+02    0.101406E+02
    0.125893E+12    0.122856E+11    0.111000E+02    0.100894E+02
    0.158489E+12    0.156689E+11    0.112000E+02    0.101950E+02
    0.199526E+12    0.289600E+11    0.113000E+02    0.104618E+02
    0.316228E+12    0.137443E+11    0.115000E+02    0.101381E+02
    0.398107E+12    0.395356E+11    0.116000E+02    0.105970E+02
    0.630957E+12    0.284207E+11    0.118000E+02    0.104536E+02
