    0.100000E+11    0.447377E+11    0.100000E+02    0.106507E+02
    0.125893E+11    0.151374E+09    0.101000E+02    0.818005E+01
    0.158489E+11    0.298185E+09    0.102000E+02    0.847449E+01
    0.199526E+11    0.508972E+09    0.103000E+02    0.870669E+01
    0.251189E+11    0.839738E+09    0.104000E+02    0.892414E+01
    0.316228E+11    0.135014E+10    0.105000E+02    0.913038E+01
    0.398107E+11    0.218377E+10    0.106000E+02    0.933921E+01
    0.501187E+11    0.348403E+10    0.107000E+02    0.954208E+01
    0.630957E+11    0.250394E+10    0.108000E+02    0.939862E+01
    0.794328E+11    0.230042E+09    0.109000E+02    0.836181E+01
    0.100000E+12    0.263888E+09    0.110000E+02    0.842142E+01
    0.125893E+12    0.259522E+09    0.111000E+02    0.841417E+01
    0.158489E+12    0.278668E+09    0.112000E+02    0.844509E+01
    0.199526E+12    0.307317E+09    0.113000E+02    0.848759E+01
    0.251189E+12    0.317369E+09    0.114000E+02    0.850156E+01
    0.316228E+12    0.220139E+09    0.115000E+02    0.834270E+01
    0.398107E+12    0.991239E+08    0.116000E+02    0.799618E+01
    0.501187E+12    0.456914E+08    0.117000E+02    0.765983E+01
    0.630957E+12    0.466977E+08    0.118000E+02    0.766930E+01
    0.794328E+12    0.397746E+08    0.119000E+02    0.759961E+01
    0.100000E+13    0.516448E+08    0.120000E+02    0.771303E+01
    0.125893E+13    0.544229E+08    0.121000E+02    0.773578E+01
    0.158489E+13    0.298266E+08    0.122000E+02    0.747460E+01
    0.199526E+13    0.192087E+08    0.123000E+02    0.728350E+01
    0.251189E+13    0.132317E+08    0.124000E+02    0.712162E+01
    0.316228E+13    0.156376E+08    0.125000E+02    0.719417E+01
    0.398107E+13    0.189652E+08    0.126000E+02    0.727796E+01
