    0.100000E+11    0.589172E+10    0.100000E+02    0.977024E+01
    0.125893E+11    0.989957E+10    0.101000E+02    0.999562E+01
    0.158489E+11    0.118132E+11    0.102000E+02    0.100724E+02
    0.199526E+11    0.119596E+11    0.103000E+02    0.100777E+02
    0.251189E+11    0.106549E+11    0.104000E+02    0.100276E+02
    0.316228E+11    0.121144E+11    0.105000E+02    0.100833E+02
    0.398107E+11    0.928397E+10    0.106000E+02    0.996773E+01
    0.501187E+11    0.117196E+11    0.107000E+02    0.100689E+02
    0.630957E+11    0.100838E+11    0.108000E+02    0.100036E+02
    0.794328E+11    0.120455E+11    0.109000E+02    0.100808E+02
    0.100000E+12    0.153363E+11    0.110000E+02    0.101857E+02
    0.125893E+12    0.113123E+11    0.111000E+02    0.100536E+02
    0.158489E+12    0.920326E+10    0.112000E+02    0.996394E+01
    0.199526E+12    0.998839E+10    0.113000E+02    0.999950E+01
    0.251189E+12    0.122343E+11    0.114000E+02    0.100876E+02
    0.316228E+12    0.121431E+11    0.115000E+02    0.100843E+02
    0.398107E+12    0.210589E+11    0.116000E+02    0.103234E+02
    0.501187E+12    0.101883E+11    0.117000E+02    0.100081E+02
    0.630957E+12    0.602930E+10    0.118000E+02    0.978027E+01
    0.794328E+12    0.742645E+10    0.119000E+02    0.987078E+01
    0.100000E+13    0.504207E+10    0.120000E+02    0.970261E+01
    0.125893E+13    0.133724E+11    0.121000E+02    0.101262E+02
    0.158489E+13    0.313742E+11    0.122000E+02    0.104966E+02
    0.251189E+13    0.109228E+11    0.124000E+02    0.100383E+02
    0.501187E+13    0.271462E+11    0.127000E+02    0.104337E+02
    0.794328E+13    0.414505E+11    0.129000E+02    0.106175E+02
    0.251189E+14    0.118557E+12    0.134000E+02    0.110739E+02
    0.316228E+14    0.159591E+12    0.135000E+02    0.112030E+02
