    0.100000E+11    0.679351E+10    0.100000E+02    0.983209E+01
    0.125893E+11    0.103575E+11    0.101000E+02    0.100153E+02
    0.158489E+11    0.111402E+11    0.102000E+02    0.100469E+02
    0.199526E+11    0.748399E+10    0.103000E+02    0.987413E+01
    0.251189E+11    0.121788E+11    0.104000E+02    0.100856E+02
    0.316228E+11    0.131518E+11    0.105000E+02    0.101190E+02
    0.398107E+11    0.156348E+11    0.106000E+02    0.101941E+02
    0.501187E+11    0.927122E+10    0.107000E+02    0.996714E+01
    0.630957E+11    0.115077E+11    0.108000E+02    0.100610E+02
    0.794328E+11    0.636109E+10    0.109000E+02    0.980353E+01
    0.100000E+12    0.135553E+11    0.110000E+02    0.101321E+02
    0.125893E+12    0.472283E+10    0.111000E+02    0.967420E+01
    0.158489E+12    0.112157E+11    0.112000E+02    0.100498E+02
    0.199526E+12    0.231513E+11    0.113000E+02    0.103646E+02
    0.251189E+12    0.115750E+11    0.114000E+02    0.100635E+02
    0.316228E+12    0.117498E+11    0.115000E+02    0.100700E+02
    0.398107E+12    0.156380E+11    0.116000E+02    0.101942E+02
    0.501187E+12    0.103329E+11    0.117000E+02    0.100142E+02
    0.630957E+12    0.568413E+10    0.118000E+02    0.975466E+01
    0.794328E+12    0.164332E+11    0.119000E+02    0.102157E+02
    0.100000E+13    0.199810E+11    0.120000E+02    0.103006E+02
