    0.100000E+11    0.654903E+10    0.100000E+02    0.981618E+01
    0.125893E+11    0.976413E+10    0.101000E+02    0.998963E+01
    0.158489E+11    0.113223E+11    0.102000E+02    0.100539E+02
    0.199526E+11    0.985389E+10    0.103000E+02    0.999361E+01
    0.251189E+11    0.113972E+11    0.104000E+02    0.100568E+02
    0.316228E+11    0.127694E+11    0.105000E+02    0.101062E+02
    0.398107E+11    0.125999E+11    0.106000E+02    0.101004E+02
    0.501187E+11    0.114554E+11    0.107000E+02    0.100590E+02
    0.630957E+11    0.110960E+11    0.108000E+02    0.100452E+02
    0.794328E+11    0.100070E+11    0.109000E+02    0.100003E+02
    0.100000E+12    0.127507E+11    0.110000E+02    0.101055E+02
    0.125893E+12    0.947537E+10    0.111000E+02    0.997660E+01
    0.158489E+12    0.101978E+11    0.112000E+02    0.100085E+02
    0.199526E+12    0.155432E+11    0.113000E+02    0.101915E+02
    0.251189E+12    0.155419E+11    0.114000E+02    0.101915E+02
    0.316228E+12    0.918463E+10    0.115000E+02    0.996306E+01
    0.398107E+12    0.116547E+11    0.116000E+02    0.100665E+02
    0.501187E+12    0.103021E+11    0.117000E+02    0.100129E+02
    0.630957E+12    0.284207E+10    0.118000E+02    0.945363E+01
    0.794328E+12    0.163592E+11    0.119000E+02    0.102138E+02
    0.100000E+13    0.999051E+10    0.120000E+02    0.999959E+01
    0.125893E+13    0.666899E+10    0.121000E+02    0.982406E+01
    0.158489E+13    0.752744E+10    0.122000E+02    0.987665E+01
    0.316228E+14    0.297572E+12    0.135000E+02    0.114736E+02
