    0.100000E+11    0.685074E+10    0.100000E+02    0.983574E+01
    0.125893E+11    0.105560E+11    0.101000E+02    0.100235E+02
    0.158489E+11    0.115395E+11    0.102000E+02    0.100622E+02
    0.199526E+11    0.108726E+11    0.103000E+02    0.100363E+02
    0.251189E+11    0.106184E+11    0.104000E+02    0.100261E+02
    0.316228E+11    0.114448E+11    0.105000E+02    0.100586E+02
    0.398107E+11    0.108773E+11    0.106000E+02    0.100365E+02
    0.501187E+11    0.102559E+11    0.107000E+02    0.100110E+02
    0.630957E+11    0.100330E+11    0.108000E+02    0.100014E+02
    0.794328E+11    0.112811E+11    0.109000E+02    0.100524E+02
    0.100000E+12    0.114213E+11    0.110000E+02    0.100577E+02
    0.125893E+12    0.100525E+11    0.111000E+02    0.100023E+02
    0.158489E+12    0.116850E+11    0.112000E+02    0.100676E+02
    0.199526E+12    0.118568E+11    0.113000E+02    0.100740E+02
    0.251189E+12    0.979695E+10    0.114000E+02    0.999109E+01
    0.316228E+12    0.121441E+11    0.115000E+02    0.100844E+02
    0.398107E+12    0.126498E+11    0.116000E+02    0.101021E+02
    0.501187E+12    0.105578E+11    0.117000E+02    0.100236E+02
    0.630957E+12    0.906693E+10    0.118000E+02    0.995746E+01
    0.794328E+12    0.896999E+10    0.119000E+02    0.995279E+01
    0.100000E+13    0.955140E+10    0.120000E+02    0.998007E+01
    0.125893E+13    0.111209E+11    0.121000E+02    0.100461E+02
    0.158489E+13    0.119433E+11    0.122000E+02    0.100771E+02
    0.199526E+13    0.685525E+10    0.123000E+02    0.983602E+01
    0.251189E+13    0.964736E+10    0.124000E+02    0.998441E+01
    0.316228E+13    0.108460E+11    0.125000E+02    0.100353E+02
    0.398107E+13    0.937387E+10    0.126000E+02    0.997192E+01
    0.501187E+13    0.490165E+10    0.127000E+02    0.969034E+01
    0.630957E+13    0.650960E+10    0.128000E+02    0.981355E+01
    0.794328E+13    0.767064E+10    0.129000E+02    0.988483E+01
    0.100000E+14    0.156235E+11    0.130000E+02    0.101938E+02
    0.125893E+14    0.584715E+10    0.131000E+02    0.976694E+01
    0.158489E+14    0.254157E+11    0.132000E+02    0.104051E+02
    0.199526E+14    0.100617E+11    0.133000E+02    0.100027E+02
    0.251189E+14    0.375817E+11    0.134000E+02    0.105750E+02
    0.316228E+14    0.307010E+11    0.135000E+02    0.104872E+02
    0.398107E+14    0.403760E+11    0.136000E+02    0.106061E+02
    0.501187E+14    0.252778E+11    0.137000E+02    0.104027E+02
