   0.0000000000000000        0.0000000000000000        0.0000000000000000     
   5.4259459434342932E-008  -3.4464497881285369E-007   2.5887771733769031E-007
   2.2326897009175610E-007  -6.8804679047632487E-007   4.6443282903910267E-007
   3.9714785520077924E-007  -9.9800545225347873E-007   7.1430016222924104E-007
   6.5661991704215421E-007  -1.2319331849007601E-006   9.7255195392734385E-007
   9.5742662057602511E-007  -1.5002458162633438E-006   1.1346185508971225E-006
   1.1978000226809784E-006  -1.7768946617792194E-006   1.3679165721665197E-006
   1.4042898212628886E-006  -2.0369747662907490E-006   1.6480276665770525E-006
   1.5351995331684662E-006  -2.2274482173477120E-006   2.0158923627144258E-006
   1.7208481638710154E-006  -2.3573541737616103E-006   2.3865687057678388E-006
   1.8650160426259581E-006  -2.5476411722640412E-006   2.7495403352779543E-006
   2.0713510338241524E-006  -2.6832541019829466E-006   3.1069993225664109E-006
   2.3286226990708246E-006  -2.8700819534536949E-006   3.4030543293962580E-006
   2.6086349381038744E-006  -2.9669508018122888E-006   3.7207829795088510E-006
   2.9378211846459044E-006  -3.0296714857013947E-006   3.9972688811259952E-006
   3.2625388432582964E-006  -3.0809357512991223E-006   4.2812976475406040E-006
   3.5042229116201832E-006  -3.0735482323931253E-006   4.6422355349360016E-006
   3.7209684001327751E-006  -3.1688607578777045E-006   5.0064866002579604E-006
   3.8985502456040303E-006  -3.3361760214765658E-006   5.3659476045669946E-006
   4.1019452596081582E-006  -3.4200181872763041E-006   5.7405712589259555E-006
   4.2117108573607392E-006  -3.5046233704716306E-006   6.1523180250571502E-006
   4.3343158977293484E-006  -3.5952281030013606E-006   6.5591358090986304E-006
   4.4500332692574659E-006  -3.6218050816032563E-006   6.9770413929665786E-006
   4.6548769582484675E-006  -3.6033335768611455E-006   7.3597159145722275E-006
   4.7626212242368303E-006  -3.6022987091556072E-006   7.7805864707869071E-006
   4.8210823244528722E-006  -3.4831566540439496E-006   8.1942643567782822E-006
   4.9379631623582534E-006  -3.4451774448260481E-006   8.6109637355763691E-006
   5.0306817291751817E-006  -3.3854470893691309E-006   9.0311749621010752E-006
   5.2006000515205611E-006  -3.3436302996420708E-006   9.4288193292449428E-006
   5.3169738806509510E-006  -3.2896636382522833E-006   9.8438936048209689E-006
   5.3536638783550531E-006  -3.1895470656565010E-006   1.0265049679041843E-005
   5.4042339927609951E-006  -3.2170703916543901E-006   1.0695662095198154E-005
   5.3974886970138223E-006  -3.3368814342791655E-006   1.1113204593566213E-005
   5.3799443466799105E-006  -3.5033134432774759E-006   1.1514121673577953E-005
   5.3218889284888586E-006  -3.6253582854377617E-006   1.1927009730820743E-005
   5.1924724135230204E-006  -3.7580953189806391E-006   1.2319914513781355E-005
   4.9598305568531636E-006  -3.8953541861868695E-006   1.2660178665274657E-005
   4.7795518700438543E-006  -3.9729349484986668E-006   1.3047764453577612E-005
   4.6118660637466207E-006  -4.0278757741298862E-006   1.3444759288479024E-005
   4.3529304407073883E-006  -4.0045753222473512E-006   1.3792827320559458E-005
   4.1370464870874266E-006  -4.0522169301764888E-006   1.4166814377362675E-005
   3.9654755032470034E-006  -4.0300183689685594E-006   1.4565327293436069E-005
   3.7969840419773886E-006  -3.8982667440110437E-006   1.4943472847017327E-005
   3.6129853058615468E-006  -3.8775379689591744E-006   1.5336482650820762E-005
   3.4076816468738438E-006  -3.8138026222607301E-006   1.5714014286687853E-005
   3.1007413731686865E-006  -3.7876620517075116E-006   1.6020357659134438E-005
   2.8036932491262993E-006  -3.6325481924057219E-006   1.6296842786308387E-005
   2.4444896273455007E-006  -3.4905216577082135E-006   1.6495697367433308E-005
   2.1079076617853540E-006  -3.3739629584748766E-006   1.6744431307589640E-005
   1.7884764200350457E-006  -3.3137960801196139E-006   1.7032676951851321E-005
   1.4005953047832504E-006  -3.3219833730318695E-006   1.7228184321427982E-005
   1.0347246515900219E-006  -3.2162793211787302E-006   1.7437247090583040E-005
   6.2470921866503279E-007  -3.1102893804938593E-006   1.7534176962810045E-005
   2.4394290935778980E-007  -2.9378012581890219E-006   1.7652527240601377E-005
  -1.2687172603688938E-007  -2.7287189597664192E-006   1.7739262594157038E-005
  -4.7816532900406771E-007  -2.5113169573033000E-006   1.7873691373562184E-005
  -8.1587653571718936E-007  -2.2724846901775440E-006   1.8006553000576649E-005
  -1.0660242438867550E-006  -1.9659355466566001E-006   1.8185984518424216E-005
  -1.3044709093938045E-006  -1.6340236849201987E-006   1.8333360319152277E-005
  -1.4952891065597850E-006  -1.2794807916712411E-006   1.8496546333779683E-005
  -1.6550510393040310E-006  -9.3757429090563116E-007   1.8711762486688874E-005
  -1.8521470582865939E-006  -5.9650080320392199E-007   1.8894967175988057E-005
  -2.0563480582750584E-006  -2.4269237174411202E-007   1.9042830181248509E-005
  -2.2775053054307373E-006   3.0326586659204276E-008   1.9298353259024044E-005
  -2.4971625706692843E-006   2.9696983228056173E-007   1.9561780646145092E-005
  -2.6105195027021501E-006   5.9010210324077513E-007   1.9861723308290370E-005
  -2.6890968784265092E-006   9.2631854622004578E-007   2.0125401184471956E-005
  -2.6535133658151987E-006   1.2758973072865136E-006   2.0380881959354268E-005
  -2.6438775370735042E-006   1.6788653839636485E-006   2.0542949238212723E-005
  -2.6575337656401260E-006   2.0871809525847975E-006   2.0690711976194652E-005
  -2.6518919156115196E-006   2.4644825890552292E-006   2.0906010762856307E-005
  -2.6051629016595846E-006   2.7987831132924977E-006   2.1179509358177671E-005
  -2.5919820696084614E-006   3.0392426698020150E-006   2.1541099444107414E-005
  -2.5353093087050918E-006   3.2734576375681474E-006   2.1902587299973822E-005
  -2.4111667712765187E-006   3.4340640248347516E-006   2.2286691636922725E-005
  -2.1733843306595925E-006   3.5569036906532693E-006   2.2628907724108651E-005
  -1.8606350994798100E-006   3.6573531722323380E-006   2.2913231031172887E-005
  -1.5102805592857123E-006   3.7181456157693977E-006   2.3162826499615661E-005
  -1.1351139700993453E-006   3.7291339251206231E-006   2.3381621404284080E-005
  -7.5347897759471574E-007   3.8548057245639731E-006   2.3546858368107717E-005
  -3.6778055921098896E-007   3.9479404696141862E-006   2.3723789349605349E-005
   4.3971614324070327E-008   4.0331810067153258E-006   2.3833041907089632E-005
   4.3317030348545761E-007   4.1834522512862662E-006   2.3954222995973793E-005
   8.2355253374260407E-007   4.2259548676868596E-006   2.4140064769511263E-005
   1.2166225262567792E-006   4.3602501874089046E-006   2.4267354482287484E-005
   1.6399593750800600E-006   4.4235593340953314E-006   2.4341649753114122E-005
   2.0379847785207841E-006   4.5806750831988092E-006   2.4416698687100517E-005
   2.4314312278218757E-006   4.6500618809303856E-006   2.4587365868262898E-005
   2.8108996003153253E-006   4.6087814959925398E-006   2.4794830580899888E-005
   3.1255448956032055E-006   4.5870493294870414E-006   2.5093608046558147E-005
   3.4460991946523926E-006   4.6672727366606615E-006   2.5375656037502121E-005
   3.8303401918915676E-006   4.7657582029477240E-006   2.5552860416296373E-005
   4.2343295445141760E-006   4.8959270172450281E-006   2.5645545936443760E-005
   4.6596374576973936E-006   4.9845560136266664E-006   2.5645492297718845E-005
   5.0768192488925590E-006   5.0823487969425605E-006   2.5717171077839020E-005
   5.4602721829088140E-006   5.2533177794080187E-006   2.5828864306470141E-005
   5.8318982570940850E-006   5.4663198507995570E-006   2.5901432215779631E-005
   6.2384219381727312E-006   5.6083706630518930E-006   2.5958895128634021E-005
   6.6182869980375772E-006   5.7916132864169900E-006   2.6063138114820844E-005
   7.0168072896191175E-006   5.9080420263933458E-006   2.6191075007851256E-005
   7.3989216035131200E-006   5.9484880968718509E-006   2.6393793259109390E-005
   7.8117848290712069E-006   6.0117451716457068E-006   2.6513310715431972E-005
   8.2262187860970618E-006   6.1419569873809113E-006   2.6518905462953120E-005
   8.6157165072943340E-006   6.3342110758002258E-006   2.6527379751193614E-005
   9.0223738104339950E-006   6.4765669987344927E-006   2.6471643300806970E-005
   9.3887050236168921E-006   6.7099911920103503E-006   2.6479160689612537E-005
   9.7455326331074065E-006   6.9391641309871590E-006   2.6384843437537379E-005
   1.0154913335947601E-005   7.0819984033759322E-006   2.6357498718372038E-005
   1.0545085931440403E-005   7.2727649611105644E-006   2.6368240648807562E-005
   1.0949269446097012E-005   7.4310142145874171E-006   2.6386537729089457E-005
   1.1324425460005997E-005   7.6500145247049620E-006   2.6392762862769398E-005
   1.1703863420942485E-005   7.8515722279062402E-006   2.6328394788589894E-005
   1.2121947736995768E-005   7.9694153347236662E-006   2.6320621131865548E-005
   1.2523231207173395E-005   8.1140262310927955E-006   2.6238151815713963E-005
   1.2896855809407580E-005   8.3341832028014723E-006   2.6264180402045229E-005
   1.3269850347590493E-005   8.5568866130941594E-006   2.6268673554915405E-005
   1.3614875776268571E-005   8.7981334298680145E-006   2.6161438533327387E-005
   1.3993853147046122E-005   9.0008308730724009E-006   2.6097941904677265E-005
   1.4363983136553272E-005   9.2190471720959779E-006   2.6033697367159407E-005
   1.4784718169281403E-005   9.3187191078859950E-006   2.5991395353683431E-005
   1.5169394952311354E-005   9.5205153135824483E-006   2.5984763094849819E-005
   1.5572977099130070E-005   9.6802398935527193E-006   2.6003509620274771E-005
   1.5965100824896054E-005   9.8648835559623429E-006   2.6033302648257129E-005
   1.6372279336232552E-005   1.0013880234065547E-005   2.6005960872290760E-005
   1.6755217185105988E-005   1.0219058276685232E-005   2.6004380486282577E-005
   1.7116684209820098E-005   1.0434320332888814E-005   2.6112758344244093E-005
   1.7443522626990583E-005   1.0652572616574636E-005   2.6297919119302981E-005
   1.7800381194457505E-005   1.0881246494280871E-005   2.6393324273111580E-005
   1.8177280071386817E-005   1.1092934210375752E-005   2.6436654058674743E-005
   1.8554855288637777E-005   1.1300095111358315E-005   2.6493778828389590E-005
   1.8936503609346536E-005   1.1502210291274534E-005   2.6446493140907952E-005
   1.9247713200431130E-005   1.1790729404086239E-005   2.6353502631433599E-005
   1.9601909699817321E-005   1.2025670856880295E-005   2.6263562226305651E-005
   1.9976030129154349E-005   1.2245207922201621E-005   2.6239493487332233E-005
   2.0365886827337201E-005   1.2436914608966459E-005   2.6238002170932330E-005
   2.0728108117264614E-005   1.2660847674030262E-005   2.6323976832242768E-005
   2.1127498241740298E-005   1.2811181318560868E-005   2.6405397018231481E-005
   2.1523564112061053E-005   1.2989683050081794E-005   2.6402098366372514E-005
   2.1929424691064362E-005   1.3144663804633485E-005   2.6402379476100712E-005
   2.2338849713457455E-005   1.3268160366481310E-005   2.6478941040499404E-005
   2.2758138972957496E-005   1.3299291906083192E-005   2.6588345185772412E-005
   2.3138359210804796E-005   1.3402740369770338E-005   2.6771301215968480E-005
   2.3536194757239703E-005   1.3417617431498592E-005   2.6945219225157196E-005
   2.3904534575962727E-005   1.3416885360705915E-005   2.7175582340495649E-005
   2.4268087172343402E-005   1.3468587335969313E-005   2.7407742497093906E-005
   2.4670456218500216E-005   1.3548859934378796E-005   2.7550561905902510E-005
   2.5044594041333884E-005   1.3718615064660588E-005   2.7691792243157958E-005
   2.5406497913815583E-005   1.3905158195615380E-005   2.7843348075343082E-005
   2.5727267208825378E-005   1.4108013093956330E-005   2.8054769153977626E-005
   2.6025940356304796E-005   1.4281346155738685E-005   2.8318382362221989E-005
   2.6245608727297356E-005   1.4513550871637632E-005   2.8612607955250121E-005
   2.6377122343924710E-005   1.4748452003095096E-005   2.8953588233234917E-005
   2.6529687776826353E-005   1.5012657600618940E-005   2.9262879542219820E-005
   2.6695463959388989E-005   1.5164752791274764E-005   2.9634534265272442E-005
   2.6950570114214906E-005   1.5325767894186314E-005   2.9947163293510881E-005
   2.7238395477273372E-005   1.5546702547347070E-005   3.0186090818727191E-005
   2.7607638332033843E-005   1.5726395527474883E-005   3.0327907848713421E-005
   2.8000230630838713E-005   1.5831669208378868E-005   3.0481304921439811E-005
   2.8419549264847218E-005   1.5941529753097518E-005   3.0510364632043263E-005
   2.8824534760157519E-005   1.6062363439098125E-005   3.0611002059518187E-005
   2.9233276695695093E-005   1.6201485978762078E-005   3.0659135955926448E-005
   2.9663418414259414E-005   1.6260610637389391E-005   3.0674112590586097E-005
   3.0087579896667769E-005   1.6354409794793883E-005   3.0668573835821232E-005
   3.0489276348823130E-005   1.6485886684637977E-005   3.0769051249480777E-005
   3.0908699796907721E-005   1.6567311844784010E-005   3.0847764891151202E-005
   3.1339023878517184E-005   1.6626156376803775E-005   3.0837743477511391E-005
   3.1752510437026268E-005   1.6759245886200991E-005   3.0845357367037540E-005
   3.2112041457377638E-005   1.6991304328635809E-005   3.0920379014532265E-005
   3.2447016676556962E-005   1.7227112844420094E-005   3.1065043693401607E-005
   3.2801006836275083E-005   1.7452988459250877E-005   3.1176457769444747E-005
   3.3149168406032809E-005   1.7639901982787558E-005   3.1356981393815439E-005
   3.3434912871995815E-005   1.7791494042357489E-005   3.1647001859541320E-005
   3.3687331250293801E-005   1.8038665983511624E-005   3.1899851452573433E-005
   3.3889125765820162E-005   1.8276111232368720E-005   3.2202573520139814E-005
   3.4151846931562803E-005   1.8437816506577218E-005   3.2508467155668527E-005
   3.4356863794647356E-005   1.8689669202424388E-005   3.2797050295055560E-005
   3.4513707472164476E-005   1.8930252576864605E-005   3.3123028244706847E-005
   3.4720333015122713E-005   1.9093054065937554E-005   3.3468778852870936E-005
   3.4958976903426798E-005   1.9260774873328471E-005   3.3790742745623273E-005
   3.5196441622415903E-005   1.9485893165483207E-005   3.4076529702403587E-005
   3.5431647290988069E-005   1.9681914370118138E-005   3.4384743757401060E-005
   3.5718725415156796E-005   1.9892190478358159E-005   3.4633966613135012E-005
   3.6009565493184709E-005   1.9988729438227555E-005   3.4941918234551501E-005
   3.6275069200858952E-005   2.0025503962078099E-005   3.5283820762327752E-005
   3.6505867622727037E-005   1.9943196470385237E-005   3.5642567871260244E-005
   3.6641400832384195E-005   1.9811432354582180E-005   3.6033733935432047E-005
   3.6850108132807668E-005   1.9754546568803669E-005   3.6410492734956757E-005
   3.7108367493972202E-005   1.9606696924012100E-005   3.6727012098975592E-005
   3.7303568337709995E-005   1.9428527872830196E-005   3.7071822688572239E-005
   3.7457411510590812E-005   1.9269692170870423E-005   3.7445781805099573E-005
   3.7672878835894257E-005   1.9068432261637875E-005   3.7764858917339358E-005
   3.7965420825899084E-005   1.8912262887920662E-005   3.8045522833241957E-005
   3.8268701137622543E-005   1.8662221686742475E-005   3.8230569781682852E-005
   3.8635586944218961E-005   1.8491464273342332E-005   3.8388616083695845E-005
   3.9010764289697171E-005   1.8275667004865274E-005   3.8426238168310575E-005
   3.9351047318129947E-005   1.8052565844118048E-005   3.8578472381044934E-005
   3.9731464613957248E-005   1.7851768871648666E-005   3.8639342568949736E-005
   4.0144358240495700E-005   1.7718919346411132E-005   3.8664076749774634E-005
   4.0542369800878171E-005   1.7580861607734277E-005   3.8557922232742468E-005
   4.0922059785742999E-005   1.7423610210554530E-005   3.8417034204963821E-005
   4.1288473054831806E-005   1.7311926002633717E-005   3.8212071094063958E-005
   4.1644113282179057E-005   1.7322971420646151E-005   3.7962792233495481E-005
   4.2029204943817254E-005   1.7277762037537585E-005   3.7766826811268326E-005
   4.2343834450692657E-005   1.7176755211157353E-005   3.7484784585137333E-005
   4.2676877117320279E-005   1.7010123084063278E-005   3.7261047598211486E-005
   4.2958391441864014E-005   1.6851202734753026E-005   3.6970813329826821E-005
   4.3166464229272170E-005   1.6652962745715641E-005   3.6645008871938888E-005
   4.3343662706794546E-005   1.6368946275977193E-005   3.6368102267875261E-005
   4.3574153405408507E-005   1.6094149465876530E-005   3.6122943800952455E-005
   4.3733335245225389E-005   1.5874516029060507E-005   3.5783585261649426E-005
   4.3858900989195963E-005   1.5743932402064786E-005   3.5388714291337918E-005
   4.4008090064340124E-005   1.5548794719376167E-005   3.5030376702539952E-005
   4.4133732520952478E-005   1.5434664579000916E-005   3.4630463953246649E-005
   4.4259341327704102E-005   1.5362466793922986E-005   3.4220888770417825E-005
   4.4355757053939758E-005   1.5262856914707883E-005   3.3809156087005159E-005
   4.4454721772527791E-005   1.5291509632549110E-005   3.3387105226174268E-005
   4.4465398978901372E-005   1.5239442742436203E-005   3.2955924337090558E-005
   4.4402734381268477E-005   1.5233467655252229E-005   3.2526064628081159E-005
   4.4447805335365225E-005   1.5241912743787802E-005   3.2094047021415151E-005
   4.4409102414574882E-005   1.5184668139123277E-005   3.1665133204836466E-005
   4.4376372697814156E-005   1.5229443769721787E-005   3.1234243623344574E-005
   4.4410671216475003E-005   1.5320395278409484E-005   3.0810813159657683E-005
   4.4423272161328879E-005   1.5522376407345890E-005   3.0426382720390241E-005
   4.4356590211275788E-005   1.5751995485966902E-005   3.0063656213000242E-005
   4.4211458047052762E-005   1.5895385788185326E-005   2.9680096831638448E-005
   4.4078717164123200E-005   1.6144257741546886E-005   2.9349666004199367E-005
   4.3942262343113068E-005   1.6397049660077543E-005   2.9023754588870484E-005
   4.3823613435710347E-005   1.6682483002684327E-005   2.8718480668278748E-005
   4.3708708681167822E-005   1.7019123787069968E-005   2.8469057729147768E-005
   4.3527821585318643E-005   1.7319712884550367E-005   2.8212800093311950E-005
   4.3412070102842799E-005   1.7628903465487486E-005   2.7930409049088870E-005
   4.3242385088666606E-005   1.7896119051667128E-005   2.7632844351317629E-005
   4.3115368922192244E-005   1.8079511020356667E-005   2.7260049230416988E-005
   4.3024724577324606E-005   1.8210298385639205E-005   2.6855796598120102E-005
   4.2965895767880674E-005   1.8438661563366875E-005   2.6490924904054199E-005
   4.2879688597046022E-005   1.8652927213771451E-005   2.6122956865161712E-005
   4.2851372649062792E-005   1.8803518926863386E-005   2.5716432246066091E-005
   4.2921125192705613E-005   1.8931839328392780E-005   2.5307274110255883E-005
   4.2941585392785164E-005   1.9008001955926464E-005   2.4880047522514833E-005
   4.2843124348080474E-005   1.9095554577471818E-005   2.4466064571139792E-005
   4.2690640403755578E-005   1.9194023770017329E-005   2.4071356593344121E-005
   4.2607287973488189E-005   1.9235858635166289E-005   2.3647040509133919E-005
   4.2510535542881551E-005   1.9343088529756396E-005   2.3237305668327216E-005
   4.2413477868841498E-005   1.9425788762422596E-005   2.2821995660838974E-005
   4.2312304315665472E-005   1.9616556957763868E-005   2.2445016443007322E-005
   4.2262898621315688E-005   1.9851299607481897E-005   2.2082805332379603E-005
   4.2282056852745391E-005   2.0105307416451149E-005   2.1730875057972701E-005
   4.2230038252900549E-005   2.0435914819454493E-005   2.1453864709352729E-005
   4.2290058437477639E-005   2.0789262394433710E-005   2.1208334687578139E-005
   4.2278316487060406E-005   2.1093162010316125E-005   2.0898094340492346E-005
   4.2182162560124450E-005   2.1403646237109701E-005   2.0609830762945370E-005
   4.2060405446695390E-005   2.1724753238085790E-005   2.0343734122330429E-005
   4.1971689409596903E-005   2.2071526183111327E-005   2.0097523009151413E-005
   4.1852949752254095E-005   2.2439610016992723E-005   1.9899641458969797E-005
   4.1821073918024233E-005   2.2853409553073255E-005   1.9771205490391373E-005
   4.1802326665179821E-005   2.3263995810406784E-005   1.9630459660283960E-005
   4.1747317845449984E-005   2.3650716833848931E-005   1.9440294461909541E-005
   4.1617879148991601E-005   2.4028561854285835E-005   1.9269353866136671E-005
   4.1443576462723608E-005   2.4417162747792412E-005   1.9183622646510183E-005
   4.1201872172634279E-005   2.4741590885768797E-005   1.9025295951557682E-005
   4.0940101267444955E-005   2.4991535906584332E-005   1.8784993220281328E-005
   4.0614996017009051E-005   2.5209189881950230E-005   1.8596114301289760E-005
   4.0351942412669089E-005   2.5451540138862454E-005   1.8349515280384716E-005
   4.0043425961022967E-005   2.5719070519875935E-005   1.8201235082140112E-005
   3.9732000801704994E-005   2.5924923392027383E-005   1.7979016972923591E-005
   3.9436180866153909E-005   2.6089372488478871E-005   1.7706640426026036E-005
   3.9230595954279620E-005   2.6239085041604225E-005   1.7354414762084124E-005
   3.9100159488095312E-005   2.6418674647094026E-005   1.6980950138883532E-005
   3.8970090762072975E-005   2.6656343039087401E-005   1.6641335968314633E-005
   3.8852915582816520E-005   2.6823529731963380E-005   1.6257851275028964E-005
   3.8786267921553661E-005   2.7069194856640786E-005   1.5905787845149607E-005
   3.8596282651578847E-005   2.7312884449272195E-005   1.5600398090035382E-005
   3.8364796353123887E-005   2.7575788804276149E-005   1.5343420821311929E-005
   3.8134566868149830E-005   2.7879577802239568E-005   1.5134977659135869E-005
   3.7859162456359608E-005   2.8078769956657501E-005   1.4864391594310247E-005
   3.7576473136538744E-005   2.8218705587815924E-005   1.4565649748422356E-005
   3.7348932396133781E-005   2.8457305972462772E-005   1.4282741652399409E-005
   3.7085171347847757E-005   2.8751575399788271E-005   1.4102249169338277E-005
   3.6843633043104020E-005   2.9051229153693878E-005   1.3900732921842460E-005
   3.6633172257931267E-005   2.9356134729267881E-005   1.3673839178470490E-005
   3.6374589942953878E-005   2.9678713012206385E-005   1.3540346254873866E-005
   3.6075372533708867E-005   2.9993014756054738E-005   1.3519723968104918E-005
   3.5846424407649434E-005   3.0359129623003051E-005   1.3567521276253881E-005
   3.5658931178691036E-005   3.0737792139017724E-005   1.3668530735975163E-005
   3.5541839782843943E-005   3.1156079866328901E-005   1.3660351182660730E-005
   3.5486205433589728E-005   3.1585995603294133E-005   1.3631729491835571E-005
   3.5383553097015965E-005   3.2005826537391579E-005   1.3587611383718780E-005
   3.5309503770976246E-005   3.2425765866176652E-005   1.3670735269248743E-005
   3.5149378215113320E-005   3.2828890060856145E-005   1.3695078911469927E-005
   3.5057323503956879E-005   3.3236378565671640E-005   1.3814330626300906E-005
   3.4993561874797721E-005   3.3662885018946682E-005   1.3866948331065657E-005
   3.4931916310401994E-005   3.4091846626770686E-005   1.3836392050265005E-005
   3.4869427374542752E-005   3.4518146848567645E-005   1.3780667938033098E-005
   3.4820724190067365E-005   3.4944775784172853E-005   1.3714655257286759E-005
   3.4760205565092095E-005   3.5330893479746090E-005   1.3524938246743929E-005
   3.4694571777377056E-005   3.5742702625369383E-005   1.3403088518044257E-005
   3.4632685896164738E-005   3.6109975855776736E-005   1.3179431560124954E-005
   3.4521327815555514E-005   3.6429145868838438E-005   1.2906536335655536E-005
   3.4467779617605798E-005   3.6792584781582529E-005   1.2674616801996288E-005
   3.4450150749505981E-005   3.7134553312637103E-005   1.2407243150207466E-005
   3.4373630870768180E-005   3.7506344364231192E-005   1.2195918648538805E-005
   3.4281983211360214E-005   3.7822520135137080E-005   1.1912412896727487E-005
   3.4179942984039967E-005   3.8106693712078596E-005   1.1600042774805290E-005
   3.4134051884168276E-005   3.8457972193678454E-005   1.1348568405911649E-005
   3.4065441981062284E-005   3.8719075567878709E-005   1.1008186808186360E-005
   3.3971413549311810E-005   3.9059898190211321E-005   1.0755717964520733E-005
   3.3875047260089197E-005   3.9326743562211317E-005   1.0426705793565554E-005
   3.3766431452401599E-005   3.9605241282954457E-005   1.0111454229327974E-005
   3.3781185759985811E-005   3.9882397230970517E-005   9.7772255444727940E-006
   3.3894361158866937E-005   4.0156698238503820E-005   9.4599051870305018E-006
   3.4099565800542757E-005   4.0359166511069226E-005   9.1348827623701868E-006
   3.4363326439348374E-005   4.0567751372911772E-005   8.8598107650313642E-006
   3.4620235995026280E-005   4.0850803104190569E-005   8.6533619323525372E-006
   3.4793897321670178E-005   4.1208948594545588E-005   8.4792485375213651E-006
   3.4931073516327047E-005   4.1616992641566833E-005   8.4207278556817341E-006
   3.5064863868204965E-005   4.2029097152550280E-005   8.3889169037238145E-006
   3.5159945260785363E-005   4.2452849991770612E-005   8.3772986882554098E-006
   3.5362046928974485E-005   4.2835536533695015E-005   8.4153493024174687E-006
   3.5463977974330685E-005   4.3257085964246683E-005   8.4408063738741108E-006
   3.5490376429302768E-005   4.3688919595893391E-005   8.4803634092394891E-006
   3.5456672719544296E-005   4.4122049066526757E-005   8.4781623843945263E-006
   3.5407863746278530E-005   4.4538680827780132E-005   8.3651244149477863E-006
   3.5399900932617447E-005   4.4971768868376485E-005   8.3317587801717956E-006
   3.5364553102689465E-005   4.5397478425413950E-005   8.2526144382429931E-006
   3.5311878602416178E-005   4.5817829338116640E-005   8.1563209799814377E-006
   3.5267245826610878E-005   4.6243860425926523E-005   8.0838823822835786E-006
   3.5340638531390120E-005   4.6654605630000107E-005   7.9628707666893303E-006
   3.5512856608160098E-005   4.7041770100920064E-005   7.8670243823865731E-006
   3.5597549672854127E-005   4.7467460181316357E-005   7.8481309142580532E-006
   3.5647386315349941E-005   4.7892030334341106E-005   7.7706814654654531E-006
   3.5624381507289881E-005   4.8324580454296723E-005   7.7373183806936105E-006
   3.5631823729512075E-005   4.8755414462515852E-005   7.6819234929942491E-006
   3.5637921180737312E-005   4.9189293704734083E-005   7.7032201395303321E-006
   3.5582170188090270E-005   4.9618932652939767E-005   7.7355330455676783E-006
   3.5559264893276872E-005   5.0052411116225821E-005   7.7532444043428911E-006
   3.5477570731162254E-005   5.0478227661334019E-005   7.7805986852053283E-006
   3.5434319472374987E-005   5.0908353604352953E-005   7.7374370743876102E-006
   3.5314790740423960E-005   5.1317962729719489E-005   7.6557353635876959E-006
   3.5230577092641279E-005   5.1741072141494037E-005   7.6044673415083957E-006
   3.5054518823929233E-005   5.2138149334340346E-005   7.6131340497881110E-006
   3.4905853498984397E-005   5.2538888308744207E-005   7.6909082000295492E-006
   3.4747303227636073E-005   5.2941356878192512E-005   7.7311920051452961E-006
   3.4582362443246201E-005   5.3340049380998565E-005   7.7819930754499055E-006
   3.4392275686889345E-005   5.3729223720556471E-005   7.7480478050813989E-006
   3.4152749155719970E-005   5.4084878543809072E-005   7.6782007546345772E-006
   3.4005999681961137E-005   5.4493756748665720E-005   7.6731879273179952E-006
   3.3969000972070697E-005   5.4920951373750555E-005   7.6033468888229657E-006
   3.4005862149950617E-005   5.5347619964592484E-005   7.5302914985546431E-006
   3.3982752906982034E-005   5.5745442030425916E-005   7.3572438469715320E-006
   3.3934799046779356E-005   5.6156271690294498E-005   7.2243478697678526E-006
   3.3764193267108633E-005   5.6524531140298433E-005   7.0693621661731782E-006
   3.3662434466066026E-005   5.6922415322894154E-005   6.9276750229896902E-006
   3.3465595985995404E-005   5.7290091136994458E-005   6.8059744421276487E-006
   3.3310733150430093E-005   5.7646128325676416E-005   6.6110463904544466E-006
   3.3203703938154736E-005   5.7946024509120418E-005   6.3154978330760881E-006
   3.3039562991827968E-005   5.8246340534541549E-005   6.0478974640419623E-006
   3.2789081355591738E-005   5.8460154471997496E-005   5.7645523159433988E-006
   3.2588516258740449E-005   5.8772029072861962E-005   5.5381681332944008E-006
   3.2483201967535490E-005   5.9084727870045315E-005   5.2555548193810757E-006
   3.2455419870637085E-005   5.9322238778214437E-005   4.8928446782413515E-006
   3.2372001624106280E-005   5.9647114196355964E-005   4.6167300612322402E-006
   3.2296996958018490E-005   5.9964207666087550E-005   4.3293836598076922E-006
   3.2278142478246213E-005   6.0264878630128517E-005   4.0163606528765980E-006
   3.2342376778428766E-005   6.0558455082412799E-005   3.7026270967541684E-006
   3.2366632205463200E-005   6.0800079683870769E-005   3.3423894680663154E-006
   3.2388638424873896E-005   6.1068704223709910E-005   3.0016571599468017E-006
   3.2310448591960786E-005   6.1395226036485459E-005   2.7259548228080237E-006
   3.2229752820530895E-005   6.1701136551581346E-005   2.4282152182538213E-006
   3.2108065592377421E-005   6.1919754916390157E-005   2.0730530694180527E-006
   3.1963943317410003E-005   6.2146023973987113E-005   1.7313324140204140E-006
   3.1793436390331984E-005   6.2457830833909580E-005   1.4814408519045765E-006
   3.1639807935375049E-005   6.2790850641513432E-005   1.2485502585693507E-006
   3.1488606127535168E-005   6.3136295366730016E-005   1.0328006861039981E-006
   3.1326173130780055E-005   6.3436497813222753E-005   7.6403324838521589E-007
   3.1089932785583705E-005   6.3682500398099792E-005   4.9493261585470914E-007
   3.0888385422908466E-005   6.3875833440116923E-005   1.6215202994854287E-007
   3.0693800619100102E-005   6.3979061358696043E-005  -2.1231115094602353E-007
   3.0458292730660613E-005   6.4112348198673764E-005  -5.5218256143021961E-007
   3.0142723435654959E-005   6.4199828709430370E-005  -8.3767354759333802E-007
   2.9861496316448989E-005   6.4228643763708379E-005  -1.1675567435325370E-006
   2.9591685414322303E-005   6.4305505706764796E-005  -1.4992738544812587E-006
   2.9342747689639790E-005   6.4485412964717506E-005  -1.8065283266355651E-006
   2.9081583588073033E-005   6.4692395795687372E-005  -2.0852635820833103E-006
   2.8915527201587751E-005   6.4990023527046657E-005  -2.3546794927611504E-006
   2.8653669270645179E-005   6.5270406450636741E-005  -2.5585367051784256E-006
   2.8500942301514522E-005   6.5616727969922302E-005  -2.7717919538193318E-006
   2.8247459718346340E-005   6.5900505251768987E-005  -2.9814558687667712E-006
   2.8055098590695746E-005   6.6176182521103034E-005  -3.2566669925145308E-006
   2.7835760173162326E-005   6.6476772172128462E-005  -3.4808955437370284E-006
   2.7660819483320296E-005   6.6809845534560692E-005  -3.6981507235801647E-006
   2.7566161395799554E-005   6.7133228838941593E-005  -3.9723860382418498E-006
   2.7521187762530153E-005   6.7486600914336083E-005  -4.2210775570657424E-006
   2.7417687616425681E-005   6.7843705883926093E-005  -4.4458122525256651E-006
   2.7240024116907585E-005   6.8199978792615306E-005  -4.6197295270158828E-006
   2.7001732748720025E-005   6.8558011826543939E-005  -4.6811420123601011E-006
   2.6712024453673669E-005   6.8849452232559768E-005  -4.8221154723291919E-006
   2.6379110535065289E-005   6.9096865974939344E-005  -4.9513311283912079E-006
   2.6043854805026002E-005   6.9309029996074834E-005  -5.1283394516543666E-006
   2.5665300076828392E-005   6.9444700217283862E-005  -5.2927530512418588E-006
   2.5250190153260671E-005   6.9504059402144679E-005  -5.4063407328858281E-006
   2.4834560070839352E-005   6.9589893735373849E-005  -5.4992171277261950E-006
   2.4457534879115893E-005   6.9789214889159749E-005  -5.5820724555714339E-006
   2.4066764943568377E-005   6.9922803968989512E-005  -5.7169603279522313E-006
   2.3704984471372524E-005   7.0150476542630454E-005  -5.7945619519200846E-006
   2.3339842445059308E-005   7.0380563423917792E-005  -5.7448301655824348E-006
   2.2990487709324110E-005   7.0638489748154910E-005  -5.7318994742662654E-006
   2.2712385679534332E-005   7.0972237821198048E-005  -5.7282378271249761E-006
   2.2523060441863152E-005   7.1362976018630187E-005  -5.7431219912339174E-006
   2.2339479160929366E-005   7.1743855845696566E-005  -5.8429738490913738E-006
   2.2100446507902861E-005   7.2086710352972882E-005  -5.9615322757021309E-006
   2.1969346108705995E-005   7.2477684388753505E-005  -6.0982579556924992E-006
   2.1762912613086910E-005   7.2856002548254449E-005  -6.1530530738263255E-006
   2.1551467777843002E-005   7.3229440250551577E-005  -6.2207087243272777E-006
   2.1458969753555304E-005   7.3640836067426004E-005  -6.3253008858600255E-006
   2.1379695964794496E-005   7.4034528320458782E-005  -6.4910235433648803E-006
   2.1261356400532803E-005   7.4376736860266998E-005  -6.7310880882391172E-006
   2.1081069064690500E-005   7.4712317124694789E-005  -6.9399523636776168E-006
   2.0828475481721942E-005   7.4961238252725792E-005  -7.1909039063225540E-006
   2.0606348796728796E-005   7.5156675157724768E-005  -7.5090329286882757E-006
   2.0462395544833715E-005   7.5378214262204058E-005  -7.8539094418757289E-006
   2.0308116154659204E-005   7.5665609708328030E-005  -8.1408652750758550E-006
   2.0192757637257320E-005   7.5962271043158704E-005  -8.4365448106753133E-006
   2.0029500126854970E-005   7.6259710016649481E-005  -8.7078729611480874E-006
   1.9903678350320034E-005   7.6602016217962028E-005  -8.9439603771311588E-006
   1.9833837988176372E-005   7.6980211991870223E-005  -9.1460301752372074E-006
   1.9728524752235844E-005   7.7349991338919937E-005  -9.3483029606637558E-006
   1.9720855366647796E-005   7.7725245315245540E-005  -9.5670895157111871E-006
   1.9679580095661976E-005   7.8103078631479956E-005  -9.7775182685976188E-006
   1.9650735212499554E-005   7.8453057451293522E-005  -1.0033300835029033E-005
   1.9607321987357770E-005   7.8794077819040293E-005  -1.0298936532098616E-005
   1.9561772759502239E-005   7.9150465322055477E-005  -1.0543180546210231E-005
   1.9511894783779097E-005   7.9500702165478994E-005  -1.0795347681141570E-005
   1.9475471417629053E-005   7.9791087033340003E-005  -1.1116426938971533E-005
   1.9455982728251534E-005   8.0139701862248523E-005  -1.1374941570945095E-005
   1.9353396100282835E-005   8.0423800574702098E-005  -1.1687200803374218E-005
   1.9221343205526317E-005   8.0741067121496802E-005  -1.1952993756938421E-005
   1.9028700821634007E-005   8.1045516066227465E-005  -1.2195772822909243E-005
   1.8917677745557191E-005   8.1399768278239703E-005  -1.2421430018132151E-005
   1.8803174295235237E-005   8.1751150728405869E-005  -1.2649818407663191E-005
   1.8658970629167488E-005   8.2098822986047975E-005  -1.2866777451843557E-005
   1.8486586694224089E-005   8.2485492935222799E-005  -1.2964307202543323E-005
   1.8237099622953443E-005   8.2802139172803596E-005  -1.3126274126289225E-005
   1.7931606823115850E-005   8.3077061271741971E-005  -1.3267107047354212E-005
   1.7725048535228446E-005   8.3440784564269360E-005  -1.3384499394085397E-005
   1.7518227719776521E-005   8.3819740748032945E-005  -1.3433071855173280E-005
   1.7427518690965010E-005   8.4240656665318238E-005  -1.3490895600822839E-005
   1.7272501732432473E-005   8.4646304934728417E-005  -1.3503589969056241E-005
   1.7070192214062427E-005   8.5016062559134021E-005  -1.3608908917321965E-005
   1.6883042006451778E-005   8.5374074229185799E-005  -1.3768734968987574E-005
   1.6688273883507609E-005   8.5701468459429869E-005  -1.3977589749111693E-005
   1.6492635300944173E-005   8.6067266059387142E-005  -1.4106661759133474E-005
   1.6246947713878396E-005   8.6425356925920298E-005  -1.4118928126171854E-005
   1.5997788462240403E-005   8.6765055735341906E-005  -1.4225070997311320E-005
   1.5797092144856539E-005   8.7146085126136888E-005  -1.4282338042214556E-005
   1.5619391227987067E-005   8.7506953068612609E-005  -1.4446467975895398E-005
   1.5565542321080233E-005   8.7885198977019407E-005  -1.4653282508487871E-005
   1.5614324512454750E-005   8.8233285734901675E-005  -1.4908621165343246E-005
   1.5761036823296105E-005   8.8580954554830371E-005  -1.5123897295905762E-005
   1.5951874148155652E-005   8.8902096441531624E-005  -1.5345687572832867E-005
   1.6188964731864593E-005   8.9180631871679366E-005  -1.5580097453516160E-005
   1.6477640918397915E-005   8.9419608287507867E-005  -1.5799866092997175E-005
   1.6802235668232555E-005   8.9680864612045759E-005  -1.5922851068346742E-005
   1.7149045001038463E-005   8.9869620411816637E-005  -1.6104059394934047E-005
   1.7428187062238488E-005   9.0148732789850899E-005  -1.6285492338442250E-005
   1.7653376894514698E-005   9.0460819507194633E-005  -1.6487069477994382E-005
   1.7954788346260703E-005   9.0731017876085360E-005  -1.6644822135969297E-005
   1.8184065004220276E-005   9.1088540057665098E-005  -1.6736211559243238E-005
   1.8502909431620929E-005   9.1364400238544850E-005  -1.6841003327114239E-005
   1.8796002038098901E-005   9.1631484728874014E-005  -1.7018498459291304E-005
   1.9153629114137312E-005   9.1860455880137058E-005  -1.7110242719419579E-005
   1.9536397850128222E-005   9.2064009197290693E-005  -1.7138457338266264E-005
   1.9930004597767127E-005   9.2247899461015637E-005  -1.7138605707021453E-005
   2.0283161334152820E-005   9.2496042426762207E-005  -1.7089135402909867E-005
   2.0653410530691571E-005   9.2711855802459905E-005  -1.7017846959068197E-005
   2.0972959789630732E-005   9.3004746179207648E-005  -1.6988770831179699E-005
   2.1317827172509117E-005   9.3257841965604555E-005  -1.6912935918192745E-005
   2.1653917025442155E-005   9.3452306720111507E-005  -1.6718079579052869E-005
   2.1933673480473743E-005   9.3722554907377110E-005  -1.6524574628106365E-005
   2.2278813272419850E-005   9.3921525900685898E-005  -1.6351280107909947E-005
   2.2658623852451098E-005   9.4122614588778799E-005  -1.6287646895588104E-005
   2.3015944548686091E-005   9.4338742756583171E-005  -1.6167845150957000E-005
   2.3314785622355813E-005   9.4645549731694478E-005  -1.6095006867040025E-005
   2.3570074230741193E-005   9.4968454250876283E-005  -1.5956074074605629E-005
   2.3724980518047637E-005   9.5363769213009235E-005  -1.5864030358037081E-005
   2.3849467158981429E-005   9.5770549200668192E-005  -1.5775854166453460E-005
   2.4001212734655984E-005   9.6137019491276287E-005  -1.5598612158854212E-005
   2.4095948379320899E-005   9.6516307739724920E-005  -1.5409119401441995E-005
   2.4143344156082599E-005   9.6902563447699862E-005  -1.5215981908202266E-005
   2.4196456943936970E-005   9.7264378615640463E-005  -1.4981438225900986E-005
   2.4263487780774896E-005   9.7630767001571656E-005  -1.4757812779091958E-005
   2.4333200403948799E-005   9.7961018872814884E-005  -1.4484288055157266E-005
   2.4486195731493048E-005   9.8261007992129026E-005  -1.4209805121378599E-005
   2.4683043125753722E-005   9.8607098372639244E-005  -1.4035982007886544E-005
   2.4977567514132918E-005   9.8883315687601191E-005  -1.3875665750264096E-005
   2.5281194033028994E-005   9.9169732910445142E-005  -1.3755174944082034E-005
   2.5645029786992994E-005   9.9356339009615589E-005  -1.3608397456765922E-005
   2.5977555536679012E-005   9.9527961889782666E-005  -1.3387684666715369E-005
   2.6260557729752728E-005   9.9655789306956079E-005  -1.3083856042278442E-005
   2.6587257809625138E-005   9.9787559879608982E-005  -1.2829601254934955E-005
   2.6818307868955332E-005   9.9961221196713480E-005  -1.2505256469377926E-005
