    0.0000000000000000        0.0000000000000000        1.0000000000000000     
   4.4195092567250690E-006  -2.8071818076078240E-005   1.0000210859540448     
   2.3670453424859757E-005  -1.0054838337292068E-005  0.99999748582523418     
   4.2420143403258042E-005   2.0028516335322702E-005   1.0000006170594202     
   7.3380062815302444E-006   2.3519755917236154E-005   1.0000055549065368     
   1.3899467980349016E-005   2.2202065419199888E-005  0.99997058939309658     
   4.0610904971565343E-005  -1.3637100195530060E-006  0.99997501167233060     
   4.9859807362773016E-005  -1.8829645246147788E-005   1.0000052063073941     
   3.6935835329689552E-005   3.5946847237096504E-006  0.99998005933757994     
   1.2322633313106664E-006  -2.6100592674415434E-006  0.99997869330016143     
  -1.9055777265181179E-005   2.7338152347962433E-005  0.99997623988757023     
  -5.3293777503663075E-005   1.5352237887758244E-005  0.99997667091746678     
  -5.6251973032010597E-005   2.0359519964776028E-005  0.99994113550290298     
  -9.2273342134654404E-005   1.6468370139705353E-005  0.99994321009276532     
  -1.0654200302436340E-004  -7.0822049286562869E-006  0.99991986574394909     
  -1.1754612438393080E-004  -3.5916304682278173E-005  0.99990107337382439     
  -1.0545573944387569E-004  -2.7865999117352801E-005  0.99993458705411886     
  -9.5400709219200933E-005  -6.2535408448575265E-005  0.99993127346517907     
  -1.2616494410676174E-004  -8.1754045136275377E-005  0.99993191433439854     
  -1.1369527100425524E-004  -1.1158135547414254E-004  0.99994864187739552     
  -1.3291822437410097E-004  -9.9642309961057925E-005  0.99997726727439662     
  -1.5770866953131369E-004  -8.6173116879930799E-005   1.0000003422637316     
  -1.7007050113657576E-004  -1.0477606810050718E-004   1.0000291991451302     
  -1.6172090909863721E-004  -1.3133910951352974E-004   1.0000056144974203     
  -1.5938811302224217E-004  -1.4860149017832674E-004   1.0000381564581311     
  -1.4071281496648886E-004  -1.2502430795598192E-004   1.0000167627885159     
  -1.1058494865205465E-004  -1.3956039791777319E-004   1.0000323625685970     
  -8.0821479181969621E-005  -1.3743095920049913E-004   1.0000540867660384     
  -5.6115918765984144E-005  -1.6039987204931983E-004   1.0000391066557019     
  -2.4416886762793117E-005  -1.7331588070684789E-004   1.0000529156190603     
  -1.7801947420455457E-005  -1.4336592014306898E-004   1.0000734480767393     
  -1.5664894317241367E-005  -1.8021208739626122E-004   1.0000738118643140     
  -5.1464722642981073E-005  -1.7132763277792479E-004   1.0000751453321981     
  -7.7209285419506483E-005  -1.6069356814946348E-004   1.0000509281165131     
  -9.6361107985031583E-005  -1.2915193253206883E-004   1.0000517480516409     
  -8.0849442592156621E-005  -1.0223522662567284E-004   1.0000318177089820     
  -7.7372253891274572E-005  -1.3671276154774675E-004   1.0000191075507197     
  -8.5764099812206027E-005  -1.5244554373563643E-004   1.0000514246648433     
  -9.5946860626212269E-005  -1.5365238651394476E-004   1.0000868816005728     
  -1.0151237964039288E-004  -1.3741224011468069E-004   1.0000542071147827     
  -1.3565621332918478E-004  -1.2423464705634847E-004   1.0000589913640274     
  -1.3018664514395336E-004  -9.9830827635257607E-005   1.0000861368387912     
  -9.7815555214002687E-005  -1.1163327108489858E-004   1.0000729022536454     
  -9.4400349907772967E-005  -8.1495881943140973E-005   1.0000939358821257     
  -7.0694224640947064E-005  -5.3338862907875373E-005   1.0000966820216883     
  -9.7589118973161892E-005  -6.8380924914573972E-005   1.0000763660081016     
  -7.9381480932740970E-005  -4.0708761855931441E-005   1.0000926470611160     
  -8.5299424949827603E-005  -2.2602526293552807E-005   1.0000610324829757     
  -1.0356470397913532E-004   9.1589520265258704E-006   1.0000565684651084     
  -1.3254546445873772E-004   1.5107089433209010E-005   1.0000786382308986     
  -1.1235435773413241E-004   3.4661161410315678E-006   1.0000500174984017     
  -1.3350828509996147E-004  -2.1041850845642813E-005   1.0000677434762251     
  -1.2855751367163914E-004  -1.9956106343024545E-005   1.0000311832464699     
  -1.0944126290728494E-004  -4.8994237897996481E-005   1.0000187858575864     
  -1.1423214381408457E-004  -7.6314090587105391E-005  0.99999456815537580     
  -1.2880061429894433E-004  -1.1030317362148792E-004  0.99999619229281278     
  -1.5483877955158574E-004  -1.3659149597653594E-004  0.99999697033392787     
  -1.5945945744420757E-004  -1.0252343816815322E-004   1.0000109348769923     
  -1.5117880137480294E-004  -6.6874972412916489E-005   1.0000057419949380     
  -1.2010261048768442E-004  -4.7480249874250888E-005   1.0000112561615422     
  -9.9799246116958327E-005  -4.7044306750168810E-005   1.0000424682244458     
  -7.0017174203143275E-005  -2.8916542232601856E-005   1.0000555433603804     
  -3.8858079534600795E-005  -1.0086191170413570E-005   1.0000477282767657     
  -7.0003945343275435E-005  -2.6707949095242512E-005   1.0000595688443243     
  -9.8550418941166436E-005  -4.3706015585188472E-005   1.0000763828686587     
  -9.4123286710180140E-005  -7.5096244860093438E-006   1.0000839173630145     
  -6.8404951635282990E-005   1.3093350330349770E-005   1.0000665786345928     
  -5.8576186926959286E-005  -2.1934603549639524E-005   1.0000745149224455     
  -5.0198759518121406E-005  -1.4733751178199181E-005   1.0000389549271034     
  -5.6564893482686697E-005  -3.6404672641536297E-006   1.0000039841074970     
  -6.7518396512360827E-005   3.2206434685158476E-005   1.0000031841631736     
  -5.3035941154293784E-005   4.7391812218286478E-005   1.0000345437810816     
  -7.6661976125182057E-005   2.6011416243713202E-005   1.0000143350538997     
  -1.1159894656723461E-004   2.5573745598220744E-005  0.99999997458865308     
  -1.1567860511015148E-004   5.6130413538108501E-005   1.0000222793753426     
  -9.0844093403031999E-005   4.2834614277640903E-005  0.99999723098459969     
  -1.1998705911091709E-004   3.4318498266098729E-005  0.99997485617911552     
  -1.3091205323921142E-004   5.6347490754417011E-005  0.99994631931660205     
  -1.0772288260549697E-004   6.8862978440337099E-005  0.99991938398567493     
  -1.4251728694334925E-004   7.6565124598434458E-005  0.99993252396262067     
  -1.6663512668775333E-004   9.9675397416513865E-005  0.99995068267931719     
  -1.8383268601112880E-004   1.2516903133295796E-004  0.99992884028537576     
  -2.2124962966611474E-004   1.2208581295523684E-004  0.99992405435605181     
  -1.9853979582611388E-004   1.4568884409099311E-004  0.99994337566993341     
  -2.2019558859307200E-004   1.6728581309221517E-004  0.99992130216645025     
  -1.9032476496434809E-004   1.8168067426517026E-004  0.99990326220403480     
  -2.0696523213444408E-004   2.1568964316227404E-004  0.99990485962114384     
  -1.8101283525500769E-004   1.9296075982290186E-004  0.99992079985694515     
  -2.1781594699829369E-004   1.8509022897410612E-004  0.99992542267235029     
  -1.9846922943503919E-004   1.8531155480161753E-004  0.99995827899876555     
  -1.9842010078504558E-004   2.2248539855310493E-004  0.99995125942717011     
  -1.9897955803811651E-004   1.9230883106002055E-004  0.99992864549170068     
  -1.8801448784133804E-004   2.1173420697262975E-004  0.99989830758204012     
  -1.8858296460946589E-004   1.7676381172458566E-004  0.99988403183099805     
  -1.8401604527446466E-004   1.4873551559727008E-004  0.99990939234217391     
  -1.5260056987891651E-004   1.6216035629864890E-004  0.99992604990360601     
  -1.3353370754763913E-004   1.9399199490380907E-004  0.99991868940624851     
  -9.7961927303450938E-005   1.8410488249814339E-004  0.99991048071985555     
  -6.8885485946267508E-005   2.0000637992383569E-004  0.99992912123183864     
  -4.6481676442860992E-005   1.7559395992488235E-004  0.99994777253918088     
  -7.8735918479819298E-005   1.7619320973153398E-004  0.99996792027252801     
  -1.0117095634937615E-004   1.6855345996481404E-004  0.99993864790775344     
  -6.7399110977153651E-005   1.7086026250808791E-004  0.99995594351815376     
  -5.2856131438326880E-005   2.0436950349800521E-004  0.99996627132876270     
  -2.4915480579682858E-005   2.1049349798107762E-004  0.99994171426068401     
  -3.3976241963807038E-005   2.3690056721104979E-004  0.99996760785152983     
  -4.1525538040600083E-005   2.5717096763281207E-004  0.99993678876721237     
  -1.7695618784155601E-005   2.6684749859613092E-004  0.99996488978275677     
  -2.6742111806313403E-005   2.9060869146575600E-004  0.99999326038306469     
  -1.5653301057904708E-005   3.1493584713149475E-004   1.0000203867780890     
  -3.8023346262475207E-005   3.4409271635310146E-004   1.0000298743235410     
  -4.6015495369324884E-005   3.6787237099522065E-004   1.0000017694161800     
  -1.8684784078575334E-005   3.8483372212771847E-004   1.0000220686661025     
  -2.9057824217708600E-006   4.1065943436472953E-004  0.99999956410971358     
  -2.0516569746125158E-005   3.9157961365589392E-004   1.0000274361720785     
  -4.2069836247183750E-005   3.6618827787922780E-004   1.0000457753430485     
  -3.5118868672851334E-005   3.6082933853278997E-004   1.0000087813501133     
  -3.0299834209499441E-005   3.2548548029537425E-004  0.99999512730949702     
  -1.5783647323727100E-005   2.9287595353119243E-004  0.99998153395973877     
  -4.5882183149835405E-005   3.1152176455050536E-004  0.99999642239197017     
  -4.7716723824012360E-005   2.7346501416935842E-004   1.0000005928898090     
  -7.2871857124853800E-005   2.4931535799588712E-004   1.0000167165408025     
  -8.3385681675712692E-005   2.1832775030966399E-004   1.0000369038692292     
  -1.1093845190210061E-004   1.9572958914362560E-004   1.0000231574099525     
  -1.0980071960757790E-004   1.5769729287162758E-004   1.0000278051692100     
  -1.0427296609983100E-004   1.7593222033926675E-004   1.0000613153307509     
  -1.2082616974454811E-004   1.5259293642597087E-004   1.0000871456729781     
  -1.3867983285069925E-004   1.3305458267714738E-004   1.0000591200284621     
  -1.4625806525459569E-004   1.4387818438859942E-004   1.0000229073601858     
  -1.5597512626467285E-004   1.6199323793945927E-004  0.99999026757688780     
  -1.3684513458340494E-004   1.3129068140189508E-004  0.99997647459950312     
  -1.2545159689013809E-004   1.6820068716603834E-004  0.99997291850522363     
  -8.7502483278245022E-005   1.7632225095054186E-004  0.99997228075840117     
  -6.6781009323391963E-005   1.6880768675676291E-004   1.0000045276211091     
  -6.5003172364862239E-005   1.4954369983970623E-004   1.0000384752711327     
  -5.1397387483091968E-005   1.8182855248997048E-004   1.0000554861374189     
  -1.2975915596635385E-005   1.7627720177931349E-004   1.0000586141859769     
  -3.1265682116696531E-006   1.8693280291977584E-004   1.0000224719640634     
   1.7958641773231664E-005   1.8847483590478666E-004  0.99998973411073711     
   5.4001681285022978E-005   1.7694707097122518E-004   1.0000003253380885     
   3.7505419329168205E-005   1.4387918463263131E-004   1.0000137499373196     
   6.9600969726211763E-005   1.5108983394528401E-004   1.0000353964577580     
   8.2884186460885416E-005   1.1419159798644341E-004   1.0000359882795546     
   8.2987848069050895E-005   9.2209586817094575E-005   1.0000687609245804     
   1.1116393623581165E-004   7.8697317264425800E-005   1.0000928594924623     
   1.3276927592114366E-004   7.8176322966538501E-005   1.0000598420393683     
   1.3537969302168033E-004   1.1753569287766818E-004   1.0000587284552636     
   1.2623273497572996E-004   1.5555213465190580E-004   1.0000640480097684     
   1.0778380930433312E-004   1.6272380717753153E-004   1.0000981862376304     
   1.2577609908168190E-004   1.6297448025495421E-004   1.0001333064457500     
   1.0633902773081043E-004   1.9718930040483711E-004   1.0001362662913897     
   8.6228350545966497E-005   1.7966774527768012E-004   1.0001653484184765     
   5.5246970339647885E-005   1.5559957643667037E-004   1.0001696018495563     
   7.4076199385683718E-005   1.8607829163316928E-004   1.0001861464075830     
   9.3055340070847414E-005   1.8009846319482831E-004   1.0001520693153141     
   6.4709691283845440E-005   2.0273836466073447E-004   1.0001365395566792     
   1.0045310479199588E-004   1.8636571594756327E-004   1.0001399394260442     
   9.6336103991555229E-005   1.4795972437931082E-004   1.0001480168305077     
   9.8359696900307493E-005   1.7165789078856081E-004   1.0001165284782583     
   9.4640403230479187E-005   2.1004230311981911E-004   1.0001248961596205     
   8.2904834327226926E-005   2.4063181237018118E-004   1.0001029013262923     
   1.1809906559610397E-004   2.5049515114338393E-004   1.0000880253395876     
   1.3759117395972377E-004   2.7621116771577009E-004   1.0000653106185902     
   1.3044214009116098E-004   2.8843015108075365E-004   1.0001021454133781     
   1.4467200579203581E-004   3.1955827408219211E-004   1.0001217863203669     
   1.6311423281889376E-004   3.3488336920996865E-004   1.0000904456109234     
   1.5133565271312013E-004   3.7213400839181452E-004   1.0000848895981413     
   1.4514280619658382E-004   3.3615064675809826E-004   1.0000998582548732     
   1.5280981626132113E-004   3.3322411888651784E-004   1.0001384570467984     
   1.7299163715226638E-004   3.1417146708154057E-004   1.0001665088722562     
   1.5175873809392338E-004   3.1489886428151027E-004   1.0001997631838215     
   1.8716705861277400E-004   3.1393878353372303E-004   1.0001823694082168     
   1.7301869654540305E-004   3.4997858103811338E-004   1.0001747424039915     
   1.5134292424111377E-004   3.6663650367185985E-004   1.0002032009502533     
   1.7910977887595350E-004   3.9444911080304421E-004   1.0002067611489911     
   1.4505789478174230E-004   4.1379897296389017E-004   1.0002019376263376     
   1.1447229542795425E-004   4.1315909506240599E-004   1.0002268640383385     
   1.2370420438068971E-004   4.4872286660805412E-004   1.0002412586330649     
   1.4177027235817561E-004   4.8306566888457476E-004   1.0002340890119852     
   1.2750464211558907E-004   5.0758456469938680E-004   1.0002066567337604     
   1.1870043043979585E-004   5.4447876784919247E-004   1.0001957701375290     
   1.2849505875613370E-004   5.4868971496551929E-004   1.0001577760915834     
   1.4298721903574120E-004   5.3478974605296987E-004   1.0001917464095309     
   1.1592998725377447E-004   5.2759230051024246E-004   1.0002195549933273     
   1.3594651978435327E-004   5.5970425182210815E-004   1.0002083578796279     
   1.5470042731958290E-004   5.4062314918632947E-004   1.0002373650653094     
   1.7948340170059049E-004   5.7035377942087095E-004   1.0002296768825927     
   1.7844734242460224E-004   5.3681252459044737E-004   1.0002089133291305     
   1.4974186289193621E-004   5.1250880030659081E-004   1.0002208522896185     
   1.3190974170117299E-004   5.0692068868245579E-004   1.0002556086244241     
   9.9915515378456662E-005   4.9029850452901721E-004   1.0002395684616201     
   1.2336320679930254E-004   4.6310084437951215E-004   1.0002232066953272     
   9.3279028670354677E-005   4.8762774503282355E-004   1.0002303191996291     
   7.4182611246457829E-005   4.5460360451498948E-004   1.0002202223025103     
   8.6273145641835891E-005   4.8946614799099156E-004   1.0002062352947096     
   8.9397234662420299E-005   4.7855053013497742E-004   1.0002440282001472     
   1.1348923054640927E-004   4.5129572661328787E-004   1.0002287322606169     
   1.4115265021682368E-004   4.7228762603707271E-004   1.0002099895362280     
   1.1055879736419735E-004   4.4736368202685344E-004   1.0002101554561040     
   7.7834233423179210E-005   4.3784316663372433E-004   1.0001902638234834     
   8.8572278053618194E-005   4.2276105397405376E-004   1.0001554150269183     
   8.9152866995337451E-005   4.5302352398732682E-004   1.0001807341930178     
   1.1536976464741983E-004   4.4260123117371666E-004   1.0002083252139631     
   1.0825200431926469E-004   4.2927477418997791E-004   1.0001718703462639     
   7.2211783781878704E-005   4.1473044382166224E-004   1.0001787098860548     
   5.5189138365547396E-005   4.1582525869781668E-004   1.0001431255458162     
   7.7296983066220320E-005   4.4508669654109962E-004   1.0001285575739316     
   1.0409609160275116E-004   4.2807691321491547E-004   1.0001520030297737     
   1.2364565922069661E-004   4.4631340755195870E-004   1.0001810281745114     
   1.2075841110517368E-004   4.3926831846579739E-004   1.0001423080910290     
   1.4317508794540708E-004   4.7133587771262087E-004   1.0001474441001985     
   1.5916178734928706E-004   4.7108672690994522E-004   1.0001835214852597     
   1.9411098076391211E-004   4.8340288506451795E-004   1.0001699538592781     
   2.1104968293084820E-004   5.0750686447614964E-004   1.0001436994712216     
   2.3996301201880557E-004   5.1164181327341721E-004   1.0001171639111881     
   2.0341610718259542E-004   5.2378067575745190E-004   1.0001257770471608     
   2.2234591649323640E-004   5.3287708654571738E-004   1.0000923684857277     
   2.1774690133030472E-004   4.9944316090056676E-004   1.0000719176661284     
   2.2027929476216700E-004   5.2853741157151410E-004   1.0000454453466454     
   2.3556588272042928E-004   4.9736271117055539E-004   1.0000266659563546     
   2.0829015299729620E-004   5.0711865236734805E-004  0.99999993830199430     
   2.1395131388807323E-004   5.4551875481381349E-004  0.99999230814948603     
   1.9524749356970836E-004   5.3248114368237764E-004   1.0000250040882497     
   2.2175248514401451E-004   5.0649814245740457E-004   1.0000391510311293     
   2.3260945771120755E-004   5.3605254722376638E-004   1.0000154034373299     
   2.5434549140159450E-004   5.2569612121408237E-004   1.0000471614520567     
   2.7344621529892804E-004   5.1751888974900214E-004   1.0000811899054185     
   2.6948984412495882E-004   5.0041569272950759E-004   1.0001170023193626     
   2.6408763392234461E-004   5.2718947556230022E-004   1.0001460646805624     
   2.2552921145463175E-004   5.3479457085835506E-004   1.0001528507503452     
   2.1063194417546714E-004   5.6861076300210160E-004   1.0001378448602594     
   1.7541243479387647E-004   5.6690764444352509E-004   1.0001192081838697     
   2.1086629594524659E-004   5.6617093439865845E-004   1.0001009565771315     
   2.1053020847367187E-004   5.6620339955232215E-004   1.0000610751760530     
   1.8820224415040952E-004   5.9714579315541568E-004   1.0000739721431817     
   1.5337822799856414E-004   6.1584178100811615E-004   1.0000815092391613     
   1.5210595527318356E-004   6.3108114063528795E-004   1.0000446511137251     
   1.9021337651557930E-004   6.1854473617714936E-004   1.0000426581393269     
   2.0666264585539372E-004   6.2277361184102399E-004   1.0000065422348159     
   1.8502164214536279E-004   6.5111565321731050E-004   1.0000253645409749     
   1.6723693631309143E-004   6.4994710514408940E-004   1.0000616799574267     
   1.3110209719158526E-004   6.4324190797250698E-004   1.0000457355835191     
   9.9463929634709347E-005   6.6471371040100228E-004   1.0000583902763589     
   6.1770295449960205E-005   6.7859219337847556E-004   1.0000597793197756     
   8.7248408641460651E-005   6.9633285184029690E-004   1.0000855911161908     
   1.1340974692676294E-004   6.7334636613114094E-004   1.0001059379926234     
   9.9431635247995893E-005   6.3783631096501960E-004   1.0001189934860184     
   1.2666805476516273E-004   6.6640800806595357E-004   1.0001272779961699     
   1.3551602060328803E-004   6.2721711244593463E-004   1.0001308254928676     
   1.5562832669527125E-004   6.4025582872539284E-004   1.0000983865571076     
   1.4510025194279465E-004   6.7918776757661548E-004   1.0000988977430649     
   1.2426439978597352E-004   7.0942151157745413E-004   1.0001155886244193     
   1.2971836488327309E-004   7.4088754247703462E-004   1.0001402247908406     
   1.1741615049393993E-004   7.4409158671962959E-004   1.0001785025540120     
   1.4901289255398690E-004   7.6378606857005851E-004   1.0001629922088313     
   1.8096605628593085E-004   7.7480099533744730E-004   1.0001409816602780     
   1.7712460884680714E-004   7.9403304485253800E-004   1.0001057372410771     
   1.3826438288631532E-004   8.0117474969100707E-004   1.0000976331419851     
   1.2864922443536132E-004   7.8632767905238547E-004   1.0001342546061902     
   1.4432085158444513E-004   7.6216375404764838E-004   1.0001055411001438     
   1.4351181242930791E-004   8.0107913579183145E-004   1.0000937555531493     
   1.1233952056604986E-004   8.1438537777280397E-004   1.0001167006286884     
   1.0129707944154211E-004   8.4664932403306068E-004   1.0000940655269486     
   9.4097024600051980E-005   8.5438496424311376E-004   1.0001340935989789     
   5.5276895291335565E-005   8.6530706684912828E-004   1.0001247358822041     
   3.8630931597065015E-005   8.5566084675851449E-004   1.0000880790416586     
   6.9069669091807647E-005   8.8327113797240372E-004   1.0000953144632594     
   1.0162417867835710E-004   8.6795322268935933E-004   1.0000745952474974     
   1.2445383864946775E-004   8.3687193078702319E-004   1.0000907037350584     
   1.4738271637209380E-004   8.2408451960276196E-004   1.0000586503416167     
   1.4157370253915715E-004   7.8523424600507742E-004   1.0000728788887951     
   1.6483052826539164E-004   8.1946178119658209E-004   1.0000682549856486     
   1.6989538455163626E-004   8.4686817089780835E-004   1.0000995523597385     
   1.8352873888549044E-004   8.3698528255095426E-004   1.0001379869766258     
   1.9422476522753729E-004   8.5196784507718208E-004   1.0001002799071423     
   1.6534972852836236E-004   8.6055703122958768E-004   1.0000709814197619     
   1.8641224921346424E-004   8.9439626684500659E-004   1.0000852935114815     
   1.7055106307010802E-004   8.6253376358000019E-004   1.0001083649498155     
   1.4187888807051205E-004   8.3241563825130899E-004   1.0001167258011825     
   1.0401029401490185E-004   8.1641901857859242E-004   1.0001062770370737     
   1.0818052928566155E-004   8.0562503749091524E-004   1.0001474872396483     
   1.0436492006058583E-004   8.4584498916417743E-004   1.0001333479320988     
   1.3650363607074591E-004   8.4368480301097708E-004   1.0001615358716003     
   1.3133550705808270E-004   8.2118288882482412E-004   1.0001975785921524     
   1.3409941291765289E-004   8.4192993998618302E-004   1.0001602416922162     
   1.6839933656409139E-004   8.3858878403149796E-004   1.0001348551737650     
   1.9050652532432447E-004   8.6463592941037840E-004   1.0001090687077980     
   1.8449751565256667E-004   8.4980724720350046E-004   1.0001493022128798     
   2.1051378934450849E-004   8.1962572981009001E-004   1.0001323637242263     
   1.8997346352804705E-004   8.1084168958097497E-004   1.0001694530561083     
   1.4685929950380430E-004   8.1085830840667706E-004   1.0001654716655031     
   1.3993523449398745E-004   8.1210357832039613E-004   1.0001227494287472     
   1.4873199456263907E-004   8.0974951029573526E-004   1.0000804202631179     
   1.4879165970735277E-004   8.0071183744758118E-004   1.0000380772600177     
   1.5150394277081689E-004   8.3074968010221921E-004   1.0000699126209953     
   1.4951812503730637E-004   8.1526150498003854E-004   1.0001109654514269     
   1.4653962711218190E-004   7.8234790127667837E-004   1.0000828289794728     
   1.7623152652603967E-004   7.9290090118373227E-004   1.0000529996797649     
   2.1056436876533001E-004   7.6777241200935123E-004   1.0000629255795153     
   2.2706509524592975E-004   7.3206727097167108E-004   1.0000444059906712     
   2.6181973606574177E-004   7.2474020629303732E-004   1.0000700469898909     
   2.9070092595685331E-004   7.3124672963797402E-004   1.0000383439259348     
   2.9349030851888929E-004   7.4363862969836216E-004  0.99999694468323685     
   3.2865222366503411E-004   7.6187397945312011E-004   1.0000155330132727     
   3.0704979438448055E-004   7.5873895620073384E-004  0.99997809896792711     
   2.9004760808345998E-004   7.5499655665458600E-004   1.0000184177203089     
   2.5860057122520217E-004   7.3904964042732335E-004  0.99999307135057236     
   2.2414029175401494E-004   7.1620105651004108E-004  0.99997951500716731     
   2.3474219796535003E-004   7.5847152758730667E-004  0.99997806624695884     
   2.7576943316427277E-004   7.4479999268038655E-004  0.99998406627508629     
   2.4542373964226582E-004   7.1583076494082269E-004  0.99997246710463739     
   2.1411243197644298E-004   7.1289807696573706E-004   1.0000030162707509     
   2.4364263959005848E-004   6.8861467574992546E-004   1.0000243344957354     
   2.4981119700153543E-004   7.3175829618305735E-004   1.0000229519804549     
   2.3533634896973860E-004   6.9676246050702246E-004   1.0000449147900152     
   2.2784193603487285E-004   6.7123157553457692E-004   1.0000798018266222     
   2.4822207111532677E-004   6.5369492357574401E-004   1.0001144728459124     
   2.0776281809977925E-004   6.5027602688102831E-004   1.0000988722722943     
   2.2371280203646151E-004   6.0968165708003637E-004   1.0000992731075238     
   2.6663761513406973E-004   6.1018640255114842E-004   1.0001073165074421     
   2.8825517655826287E-004   6.4304211620335350E-004   1.0000887877242977     
   2.6558334871825778E-004   6.1926259924492992E-004   1.0000604289613499     
   2.3112857602302787E-004   6.1262778852204370E-004   1.0000866636610750     
   1.9466332993931733E-004   5.8906237980752105E-004   1.0000828352196529     
   1.6761167863786465E-004   5.5827215724363398E-004   1.0000682461475774     
   1.3494117097916881E-004   5.2938185804633905E-004   1.0000691208180397     
   1.4442262983780491E-004   5.7037176074985327E-004   1.0000579467429667     
   1.8396935686779717E-004   5.5570939043176454E-004   1.0000693825086084     
   1.6328727324945930E-004   5.9177725900251337E-004   1.0000828893951561     
   1.3166602607790818E-004   6.0888909367627338E-004   1.0000585255365524     
   9.6796473724375197E-005   5.8599532651133345E-004   1.0000715928399098     
   5.3650705020274586E-005   5.8005156589103048E-004   1.0000695886512563     
   3.5976438112286639E-005   5.7686697919487350E-004   1.0001096636218507     
   3.7890783881457315E-005   5.4141285434923850E-004   1.0001353223175531     
   1.9290124737971376E-005   5.0449147281695457E-004   1.0001498090879146     
   3.9398991351194146E-005   4.6825593614772737E-004   1.0001640097504398     
   3.3589491465161665E-005   4.3724734395273748E-004   1.0001336163897916     
   7.3005136256921825E-005   4.3842712529886587E-004   1.0001145361772152     
   1.1117399873381367E-004   4.1676062132663154E-004   1.0001171972447715     
   1.1298336512442371E-004   4.5561715211574661E-004   1.0001379883106891     
   1.2733532919882910E-004   4.5300275607038136E-004   1.0001796127035529     
   1.6215862439263929E-004   4.5214354914175720E-004   1.0002066682740711     
   1.9228172060463037E-004   4.5613787007930614E-004   1.0002386377672734     
   2.2476221748756457E-004   4.7382314807886786E-004   1.0002146033693180     
   2.1460729253545846E-004   5.0593258165806032E-004   1.0001861206413025     
   2.4462756967093426E-004   5.0184534275025776E-004   1.0002181749929506     
   2.2749132644103590E-004   4.8097410362700114E-004   1.0001833017286039     
   1.9060333374775848E-004   4.9938820310604579E-004   1.0001676300676774     
   2.1364779853011326E-004   4.6825223429334661E-004   1.0001465372226879     
   2.4977427771937069E-004   4.4395234167922138E-004   1.0001535939032880     
   2.3020906314651793E-004   4.8193739263069683E-004   1.0001426512206326     
   2.5814980206239984E-004   5.1600477762255546E-004   1.0001446840534867     
   2.2119310585730942E-004   5.3900063546133328E-004   1.0001518112653276     
   2.1625141624699614E-004   5.6093412423640634E-004   1.0001138651746895     
   2.3116894340598402E-004   5.2031730165254632E-004   1.0001241174863227     
   2.6720074663674423E-004   5.1228876825401245E-004   1.0001491070566091     
   2.5613680733771623E-004   5.4834445778711429E-004   1.0001253410620425     
   2.8890722212178465E-004   5.4132739351637820E-004   1.0001553450430956     
   2.9039976505381267E-004   5.0905710116953232E-004   1.0001240435750991     
   2.8370360181564360E-004   5.4832635111597779E-004   1.0001457791202635     
   2.8753881239303934E-004   5.0479198171185134E-004   1.0001335548235291     
   2.8692909860360835E-004   4.6465906844779103E-004   1.0001125205923820     
   2.5663436162395007E-004   4.5339845445117194E-004   1.0000808711977045     
   2.3716174247443583E-004   4.9287103818702589E-004   1.0000697814990700     
   2.2224160633229229E-004   4.8887826730270817E-004   1.0000273503726136     
   1.9049204591889082E-004   4.7706574083978290E-004  0.99999735356342623     
   2.1740328924918796E-004   4.7082346002072403E-004   1.0000338167540337     
   2.5754997705393080E-004   4.6635999819236471E-004   1.0000550447565402     
   2.6162164912718090E-004   4.8961181202799361E-004   1.0000165170479263     
   2.5724532217924061E-004   5.2500864216264498E-004  0.99998864673472843     
   2.6380755617660501E-004   5.1524534016590424E-004   1.0000329154152425     
   2.4915027698756934E-004   5.0790450815188287E-004   1.0000756744776949     
   2.4403191943767378E-004   5.1081813199858092E-004   1.0001211081356423     
   2.0178708654823926E-004   5.1609770243598251E-004   1.0001374311745088     
   1.9090445758890892E-004   4.7200284330884350E-004   1.0001355119109439     
   1.9564381899387514E-004   4.6702078403187519E-004   1.0000909002887817     
   1.9080234499317661E-004   5.1218355467811717E-004   1.0000890476563855     
   1.9214010832819400E-004   5.4110788655528934E-004   1.0001244541899939     
   1.5787166953183489E-004   5.1302727520552850E-004   1.0001350450585462     
   1.5807956187722190E-004   4.8019599207868027E-004   1.0001039215113274     
   1.2764891827175411E-004   4.5848515328794035E-004   1.0000783674665186     
   1.0647177974805535E-004   4.9614335505258683E-004   1.0000928974008993     
   1.0115607525885216E-004   5.2484938036640469E-004   1.0001281053460680     
   1.2710320307067626E-004   5.0417820021349930E-004   1.0000973431698019     
   1.4685314106545848E-004   5.2854478417339596E-004   1.0001306113487209     
   1.5607783487818299E-004   4.9441913974358439E-004   1.0001023465744103     
   1.8833614371525662E-004   5.2339527784142149E-004   1.0001163888369706     
   2.1489436551917822E-004   5.2001499004259203E-004   1.0000799708677512     
   2.6035045973628047E-004   5.1894764068834360E-004   1.0000810362359116     
   2.8982626603094280E-004   4.8457077408673441E-004   1.0000855385473082     
   2.6672426173597385E-004   4.6427746543662145E-004   1.0000523767042262     
   2.2212129409130717E-004   4.6941565679195095E-004   1.0000455007946232     
   1.9055143885245921E-004   4.3864419864844288E-004   1.0000569939004547     
   2.1653607665195695E-004   4.1362175563425393E-004   1.0000850230329590     
   1.9354156833790805E-004   4.5285244326976920E-004   1.0000850071022089     
   1.7972781681479445E-004   4.2069376065867800E-004   1.0000563145825789     
   2.0390017162470839E-004   3.8398344946057213E-004   1.0000449952704733     
   2.2942104546118416E-004   3.7778783152147785E-004   1.0000082109715331     
   2.4764301908280009E-004   4.1937236089856450E-004   1.0000059801594203     
   2.1148037411747450E-004   4.3394632729401399E-004   1.0000297264718203     
   1.9261702418953369E-004   4.5983039439190606E-004   1.0000623501459176     
   2.3441165251852870E-004   4.6601417853850446E-004   1.0000458713670533     
   2.2810822924484062E-004   4.9932093926814561E-004   1.0000158990409682     
   2.6373931936714019E-004   5.0595090626043954E-004   1.0000437070564832     
   2.1913355373567514E-004   4.9759069550464575E-004   1.0000469353602750     
   1.8089536131550031E-004   5.1077068928277822E-004   1.0000264902418212     
   2.0400290797383916E-004   5.4993504625583313E-004   1.0000271848177771     
   2.3586677539770632E-004   5.1842743693953795E-004   1.0000197880210648     
   2.3667424957123749E-004   5.1699049246764137E-004  0.99997468337306128     
   2.6464091687707937E-004   5.4537450442752129E-004  0.99995311168343726     
   2.7333681649604536E-004   5.0106308830044730E-004  0.99995881749220061     
   2.9780883879320361E-004   5.2610149074437814E-004  0.99998817877828350     
   3.2236431726356482E-004   5.5763763434420177E-004   1.0000102098656447     
   3.2288711356291596E-004   5.1967208419724162E-004  0.99998552537203556     
   3.1757017358648930E-004   5.1981262855934078E-004  0.99994070297972004     
   3.5641883283571663E-004   4.9629182740062289E-004  0.99993870567021959     
   3.9382899160524359E-004   5.1454848813404499E-004  0.99995735309036393     
   3.6457757839905602E-004   5.3674612356051431E-004  0.99993086927612984     
   3.7746385242242196E-004   5.1649453212235903E-004  0.99989258637705680     
   3.3726487438505084E-004   5.1092000587610407E-004  0.99987241178517927     
   3.1000567678314333E-004   5.2119288040470744E-004  0.99990767253300450     
   2.9029392508859211E-004   5.5502038849421567E-004  0.99993114579750830     
   2.5789763899472171E-004   5.5636023675874769E-004  0.99996337182541095     
   2.5974269287054456E-004   5.8789236533547554E-004  0.99999642844279912     
   2.9598426468907969E-004   5.8359774494906071E-004   1.0000239000251352     
   3.3017047113850654E-004   6.0320239087358421E-004   1.0000469329167325     
   3.5471845437621017E-004   5.6662792022440416E-004   1.0000359772440552     
   3.9489003620825147E-004   5.4574747126852948E-004   1.0000320559678995     
   4.1668501892366079E-004   5.2796288108184505E-004  0.99999666648513919     
   4.3890197163056475E-004   5.2287209776657952E-004  0.99995765661146641     
   4.7409454686517255E-004   5.1492805558211432E-004  0.99993031483803496     
   5.0574614043585550E-004   5.1125257865969863E-004  0.99989821134244661     
   4.7587191596090565E-004   5.1229349834175841E-004  0.99986428263544369     
   4.3860435959738094E-004   5.2601315525955292E-004  0.99988677848897711     
   4.3562157093595923E-004   4.9629714737203789E-004  0.99985282625420546     
   4.4089170264291049E-004   4.5141545041991576E-004  0.99985824283410352     
   4.7892878838154727E-004   4.3354262499406874E-004  0.99987595281515107     
   4.5679587725373322E-004   3.9419116097658233E-004  0.99988172465829595     
   4.3703929058409809E-004   3.5336447595777227E-004  0.99988534544585428     
   4.3695124774314380E-004   3.0928134789577556E-004  0.99989684807351864     
   4.3943915683034756E-004   3.5105691860562937E-004  0.99991498108878396     
   4.0941733929553749E-004   3.3474546432405252E-004  0.99988531251095891     
   4.0890785548417370E-004   2.8945627967362270E-004  0.99988158729385646     
   3.9894141541775048E-004   3.3350233690864373E-004  0.99988727031518443     
   3.9945870322323555E-004   3.5018800423231071E-004  0.99992991196805936     
   4.3323779664217768E-004   3.4106238248335591E-004  0.99990120713416486     
   4.6787389371089571E-004   3.6888298861371152E-004  0.99991125854246787     
   4.4912775311195942E-004   3.8278046229094521E-004  0.99987256834380855     
   4.6384140798595518E-004   3.7766140840318513E-004  0.99983018560586345     
   4.4813409545099925E-004   3.9655476057633409E-004  0.99979226026618573     
   4.2955091881262403E-004   4.3398290718379073E-004  0.99981053833336131     
   4.3827772965631241E-004   3.9095324543595507E-004  0.99982272012240425     
   4.4689350436494317E-004   3.8037604775546026E-004  0.99977968019163488     
   4.3864632841396421E-004   3.3596119949747905E-004  0.99977480523729989     
   4.3814103983324122E-004   3.5652896792572622E-004  0.99973459112373253     
   4.5759612387330875E-004   3.3100635142432742E-004  0.99976715124999516     
   4.3099058248645118E-004   3.1133792863328628E-004  0.99973629529131247     
   4.0284430762560177E-004   3.4159719286930952E-004  0.99975561256901424     
   4.0439180313355390E-004   3.8629472447666109E-004  0.99976417948692409     
   4.4168985114672980E-004   4.1169744298296827E-004  0.99975890893354269     
   4.8327798915397238E-004   3.9407687790670251E-004  0.99976452879344491     
   4.6895442333264996E-004   3.9749933375534991E-004  0.99980789469727338     
   4.4853276631692769E-004   4.3702007637757108E-004  0.99979880231074481     
   4.1922763138684856E-004   4.0226269124989919E-004  0.99980015728247840     
   4.3120822927158157E-004   3.6062692084806762E-004  0.99978668369474089     
   3.9364847141792355E-004   3.4452944197655881E-004  0.99980697613078207     
   4.3847673098247158E-004   3.4212952922331701E-004  0.99980006488656759     
   4.0840785883393632E-004   3.0802284461644029E-004  0.99979970303117816     
   4.0261025580050656E-004   2.9293036079148073E-004  0.99975753979679505     
   3.6953992641211591E-004   2.8044199891386122E-004  0.99978648755113830     
   3.6973064483276376E-004   3.0169466883311902E-004  0.99982703181127519     
   3.8424968447928187E-004   3.0384232330775255E-004  0.99987041480484140     
   3.5703718811268248E-004   3.3797755357504311E-004  0.99988349122400000     
   3.5567966704179850E-004   3.7670671245616512E-004  0.99990762648989873     
   3.1422181513271735E-004   3.8040501367202434E-004  0.99988965109140304     
   2.8388808547881960E-004   4.1041205130099777E-004  0.99990572021530422     
   3.2006569783291029E-004   3.8293504444818156E-004  0.99990808811155374     
   3.4872106856200403E-004   4.1819764163407490E-004  0.99991025911399278     
   3.8199078583777129E-004   3.8823420229418162E-004  0.99990264812628771     
   3.5860058636253257E-004   4.0180782566149556E-004  0.99986642907766055     
   3.1411616585609109E-004   4.1120900678738310E-004  0.99986595780728316     
   3.2904225180527009E-004   3.7079696389695808E-004  0.99985173877165856     
   3.5903555350894767E-004   3.5578239159539686E-004  0.99988278707711153     
   3.4464887828051838E-004   3.8429057508239189E-004  0.99985075093871234     
   3.1384130141521601E-004   3.9844957163754892E-004  0.99982078725023005     
   2.9912270969910854E-004   4.2388810486371312E-004  0.99985583032927927     
   2.6356762336889587E-004   4.1606702823769083E-004  0.99988342231993865     
   2.4524783239310370E-004   3.8146832252324096E-004  0.99990689876670436     
   2.3388060410695798E-004   3.7157691215517613E-004  0.99995014623416467     
   2.1121212346504817E-004   3.6337339246674672E-004  0.99998904679007061     
   2.2500931069585229E-004   3.7417802829178099E-004   1.0000313511178061     
   2.5149640710874351E-004   3.3808404540389998E-004   1.0000396653007961     
   2.3650337023758662E-004   3.4854091837608540E-004  0.99999836655440444     
   2.6806476907696529E-004   3.7156393824723521E-004   1.0000219836557169     
   3.0418572888889233E-004   3.9886966347103396E-004   1.0000181292283914     
   3.0735514840166556E-004   3.5528572969262322E-004   1.0000310523147256     
   3.0787186851932870E-004   3.5526814594649290E-004   1.0000768660453752     
   2.6372974936693746E-004   3.4995895805000254E-004   1.0000676575330520     
   2.4739431380449293E-004   3.5649141435832924E-004   1.0000260642210701     
   2.3004660512959273E-004   3.4280927750181999E-004   1.0000661526494723     
