    0.100000E+11    0.100884E+11    0.100000E+02    0.100038E+02
    0.125893E+11    0.100596E+11    0.101000E+02    0.100026E+02
    0.158489E+11    0.100653E+11    0.102000E+02    0.100028E+02
    0.199526E+11    0.100666E+11    0.103000E+02    0.100029E+02
    0.251189E+11    0.997929E+10    0.104000E+02    0.999910E+01
    0.316228E+11    0.997003E+10    0.105000E+02    0.999870E+01
    0.398107E+11    0.990038E+10    0.106000E+02    0.999565E+01
    0.501187E+11    0.983010E+10    0.107000E+02    0.999256E+01
    0.630957E+11    0.993572E+10    0.108000E+02    0.999720E+01
    0.794328E+11    0.101174E+11    0.109000E+02    0.100051E+02
    0.100000E+12    0.992898E+10    0.110000E+02    0.999690E+01
    0.125893E+12    0.971819E+10    0.111000E+02    0.998759E+01
    0.158489E+12    0.980209E+10    0.112000E+02    0.999132E+01
    0.199526E+12    0.990857E+10    0.113000E+02    0.999601E+01
    0.251189E+12    0.101902E+11    0.114000E+02    0.100082E+02
    0.316228E+12    0.100262E+11    0.115000E+02    0.100011E+02
    0.398107E+12    0.100467E+11    0.116000E+02    0.100020E+02
    0.501187E+12    0.990154E+10    0.117000E+02    0.999570E+01
    0.630957E+12    0.975929E+10    0.118000E+02    0.998942E+01
    0.794328E+12    0.906889E+10    0.119000E+02    0.995755E+01
    0.100000E+13    0.966931E+10    0.120000E+02    0.998540E+01
    0.125893E+13    0.857606E+10    0.121000E+02    0.993329E+01
    0.158489E+13    0.922622E+10    0.122000E+02    0.996502E+01
    0.199526E+13    0.867155E+10    0.123000E+02    0.993810E+01
    0.251189E+13    0.789980E+10    0.124000E+02    0.989762E+01
    0.316228E+13    0.870588E+10    0.125000E+02    0.993981E+01
    0.398107E+13    0.746037E+10    0.126000E+02    0.987276E+01
    0.501187E+13    0.736793E+10    0.127000E+02    0.986735E+01
    0.630957E+13    0.602284E+10    0.128000E+02    0.977980E+01
    0.794328E+13    0.492298E+10    0.129000E+02    0.969223E+01
    0.100000E+14    0.520385E+10    0.130000E+02    0.971632E+01
    0.125893E+14    0.357207E+10    0.131000E+02    0.955292E+01
    0.158489E+14    0.210933E+10    0.132000E+02    0.932414E+01
    0.199526E+14    0.145073E+10    0.133000E+02    0.916159E+01
    0.251189E+14    0.117269E+10    0.134000E+02    0.906918E+01
    0.316228E+14    0.156187E+10    0.135000E+02    0.919364E+01
    0.398107E+14    0.496900E+09    0.136000E+02    0.869627E+01
