    0.100000E+11    0.104453E+11    0.100000E+02    0.100189E+02
    0.125893E+11    0.100425E+11    0.101000E+02    0.100018E+02
    0.158489E+11    0.999687E+10    0.102000E+02    0.999986E+01
    0.199526E+11    0.986022E+10    0.103000E+02    0.999389E+01
    0.251189E+11    0.992248E+10    0.104000E+02    0.999662E+01
    0.316228E+11    0.990847E+10    0.105000E+02    0.999601E+01
    0.398107E+11    0.967898E+10    0.106000E+02    0.998583E+01
    0.501187E+11    0.971851E+10    0.107000E+02    0.998760E+01
    0.630957E+11    0.983187E+10    0.108000E+02    0.999264E+01
    0.794328E+11    0.963101E+10    0.109000E+02    0.998367E+01
    0.100000E+12    0.981799E+10    0.110000E+02    0.999202E+01
    0.125893E+12    0.949254E+10    0.111000E+02    0.997738E+01
    0.158489E+12    0.957148E+10    0.112000E+02    0.998098E+01
    0.199526E+12    0.956320E+10    0.113000E+02    0.998060E+01
    0.251189E+12    0.952412E+10    0.114000E+02    0.997883E+01
    0.316228E+12    0.916207E+10    0.115000E+02    0.996199E+01
    0.398107E+12    0.973483E+10    0.116000E+02    0.998833E+01
    0.501187E+12    0.973386E+10    0.117000E+02    0.998829E+01
    0.630957E+12    0.964513E+10    0.118000E+02    0.998431E+01
    0.794328E+12    0.887001E+10    0.119000E+02    0.994792E+01
    0.100000E+13    0.883142E+10    0.120000E+02    0.994603E+01
    0.125893E+13    0.915154E+10    0.121000E+02    0.996149E+01
    0.158489E+13    0.961001E+10    0.122000E+02    0.998272E+01
    0.199526E+13    0.900749E+10    0.123000E+02    0.995460E+01
    0.251189E+13    0.974605E+10    0.124000E+02    0.998883E+01
    0.316228E+13    0.102637E+11    0.125000E+02    0.100113E+02
    0.398107E+13    0.102967E+11    0.126000E+02    0.100127E+02
    0.501187E+13    0.971367E+10    0.127000E+02    0.998738E+01
    0.630957E+13    0.115737E+11    0.128000E+02    0.100635E+02
    0.794328E+13    0.126216E+11    0.129000E+02    0.101011E+02
    0.100000E+14    0.132771E+11    0.130000E+02    0.101231E+02
    0.125893E+14    0.145486E+11    0.131000E+02    0.101628E+02
    0.158489E+14    0.151810E+11    0.132000E+02    0.101813E+02
    0.199526E+14    0.154376E+11    0.133000E+02    0.101886E+02
    0.251189E+14    0.132130E+11    0.134000E+02    0.101210E+02
    0.316228E+14    0.154036E+11    0.135000E+02    0.101876E+02
    0.398107E+14    0.120963E+11    0.136000E+02    0.100827E+02
    0.501187E+14    0.945008E+10    0.137000E+02    0.997544E+01
    0.630957E+14    0.144023E+11    0.138000E+02    0.101584E+02
    0.794328E+14    0.405836E+10    0.139000E+02    0.960835E+01
