    0.100000E+11    0.102029E+11    0.100000E+02    0.100087E+02
    0.125893E+11    0.998782E+10    0.101000E+02    0.999947E+01
    0.158489E+11    0.100206E+11    0.102000E+02    0.100009E+02
    0.199526E+11    0.985762E+10    0.103000E+02    0.999377E+01
    0.251189E+11    0.992621E+10    0.104000E+02    0.999678E+01
    0.316228E+11    0.996514E+10    0.105000E+02    0.999848E+01
    0.398107E+11    0.984154E+10    0.106000E+02    0.999306E+01
    0.501187E+11    0.994387E+10    0.107000E+02    0.999756E+01
    0.630957E+11    0.994996E+10    0.108000E+02    0.999782E+01
    0.794328E+11    0.989719E+10    0.109000E+02    0.999551E+01
    0.100000E+12    0.983916E+10    0.110000E+02    0.999296E+01
    0.125893E+12    0.979210E+10    0.111000E+02    0.999088E+01
    0.158489E+12    0.988129E+10    0.112000E+02    0.999481E+01
    0.199526E+12    0.997916E+10    0.113000E+02    0.999909E+01
    0.251189E+12    0.100509E+11    0.114000E+02    0.100022E+02
    0.316228E+12    0.992831E+10    0.115000E+02    0.999688E+01
    0.398107E+12    0.981188E+10    0.116000E+02    0.999175E+01
    0.501187E+12    0.959385E+10    0.117000E+02    0.998199E+01
    0.630957E+12    0.947164E+10    0.118000E+02    0.997643E+01
    0.794328E+12    0.101817E+11    0.119000E+02    0.100078E+02
    0.100000E+13    0.994774E+10    0.120000E+02    0.999772E+01
    0.125893E+13    0.966738E+10    0.121000E+02    0.998531E+01
    0.158489E+13    0.934755E+10    0.122000E+02    0.997070E+01
    0.199526E+13    0.881039E+10    0.123000E+02    0.994499E+01
    0.251189E+13    0.102420E+11    0.124000E+02    0.100104E+02
    0.316228E+13    0.858584E+10    0.125000E+02    0.993378E+01
    0.398107E+13    0.899042E+10    0.126000E+02    0.995378E+01
    0.501187E+13    0.109121E+11    0.127000E+02    0.100379E+02
    0.630957E+13    0.116816E+11    0.128000E+02    0.100675E+02
    0.794328E+13    0.115157E+11    0.129000E+02    0.100613E+02
    0.100000E+14    0.138841E+11    0.130000E+02    0.101425E+02
    0.125893E+14    0.139850E+11    0.131000E+02    0.101457E+02
    0.158489E+14    0.187758E+11    0.132000E+02    0.102736E+02
    0.199526E+14    0.165007E+11    0.133000E+02    0.102175E+02
    0.251189E+14    0.168738E+11    0.134000E+02    0.102272E+02
    0.316228E+14    0.157381E+11    0.135000E+02    0.101970E+02
    0.398107E+14    0.199784E+11    0.136000E+02    0.103006E+02
    0.501187E+14    0.111727E+11    0.137000E+02    0.100482E+02
    0.630957E+14    0.521228E+10    0.138000E+02    0.971703E+01
    0.794328E+14    0.190936E+10    0.139000E+02    0.928089E+01
    0.100000E+15    0.372282E+10    0.140000E+02    0.957087E+01
