    0.100000E+11    0.100872E+11    0.100000E+02    0.100038E+02
    0.125893E+11    0.998763E+10    0.101000E+02    0.999946E+01
    0.158489E+11    0.100021E+11    0.102000E+02    0.100001E+02
    0.199526E+11    0.100762E+11    0.103000E+02    0.100033E+02
    0.251189E+11    0.100700E+11    0.104000E+02    0.100030E+02
    0.316228E+11    0.100593E+11    0.105000E+02    0.100026E+02
    0.398107E+11    0.997893E+10    0.106000E+02    0.999908E+01
    0.501187E+11    0.100093E+11    0.107000E+02    0.100004E+02
    0.630957E+11    0.100326E+11    0.108000E+02    0.100014E+02
    0.794328E+11    0.975279E+10    0.109000E+02    0.998913E+01
    0.100000E+12    0.100462E+11    0.110000E+02    0.100020E+02
    0.125893E+12    0.980242E+10    0.111000E+02    0.999133E+01
    0.158489E+12    0.985207E+10    0.112000E+02    0.999353E+01
    0.199526E+12    0.100675E+11    0.113000E+02    0.100029E+02
    0.251189E+12    0.963884E+10    0.114000E+02    0.998402E+01
    0.316228E+12    0.946691E+10    0.115000E+02    0.997621E+01
    0.398107E+12    0.978823E+10    0.116000E+02    0.999070E+01
    0.501187E+12    0.996177E+10    0.117000E+02    0.999834E+01
    0.630957E+12    0.104135E+11    0.118000E+02    0.100176E+02
    0.794328E+12    0.979341E+10    0.119000E+02    0.999093E+01
    0.100000E+13    0.916811E+10    0.120000E+02    0.996228E+01
    0.125893E+13    0.922087E+10    0.121000E+02    0.996477E+01
    0.158489E+13    0.948254E+10    0.122000E+02    0.997692E+01
    0.199526E+13    0.956109E+10    0.123000E+02    0.998051E+01
    0.251189E+13    0.836737E+10    0.124000E+02    0.992259E+01
    0.316228E+13    0.821275E+10    0.125000E+02    0.991449E+01
    0.398107E+13    0.810684E+10    0.126000E+02    0.990885E+01
    0.501187E+13    0.672223E+10    0.127000E+02    0.982751E+01
    0.630957E+13    0.633981E+10    0.128000E+02    0.980208E+01
    0.794328E+13    0.506365E+10    0.129000E+02    0.970446E+01
    0.100000E+14    0.395032E+10    0.130000E+02    0.959663E+01
    0.125893E+14    0.366841E+10    0.131000E+02    0.956448E+01
    0.158489E+14    0.197960E+10    0.132000E+02    0.929658E+01
    0.199526E+14    0.194253E+10    0.133000E+02    0.928837E+01
    0.251189E+14    0.125141E+10    0.134000E+02    0.909740E+01
    0.316228E+14    0.118963E+10    0.135000E+02    0.907541E+01
    0.794328E+14    0.998815E+09    0.139000E+02    0.899949E+01
